1 2 1
1 3 1
1 4 1
1 5 1
1 6 1
1 7 1
1 8 1
1 9 1
1 10 1
1 11 1
1 12 1
1 13 1
1 14 1
1 15 1
1 16 1
1 17 1
1 18 1
1 19 1
1 20 1
1 33 1
1 34 1
1 36 1
1 53 1
1 55 1
1 57 1
1 62 1
1 66 1
1 67 1
1 68 1
1 70 1
1 74 1
1 76 1
1 78 1
1 79 1
1 81 1
1 83 1
1 87 1
1 89 1
1 90 1
1 99 1
1 101 1
1 102 1
1 35 5
1 37 5
1 38 5
1 39 5
1 40 5
1 41 5
1 42 5
1 46 5
1 49 5
1 50 5
1 51 5
1 52 5
1 54 5
1 65 5
1 71 5
1 72 5
1 73 5
1 75 5
1 77 5
1 80 5
1 82 5
1 84 5
1 85 5
1 86 5
1 88 5
1 91 5
1 92 5
1 93 5
1 94 5
1 95 5
1 96 5
1 97 5
1 98 5
1 100 5
1 103 5
1 104 5
1 105 5
1 106 5
1 107 5
1 108 5
1 109 5
1 110 5
1 111 5
1 112 5
1 113 5
1 114 5
1 115 5
1 116 5
1 117 5
1 118 5
1 119 5
1 120 5
1 21 4
1 156 4
1 184 4
1 185 4
1 188 4
1 189 4
1 191 4
1 192 4
1 193 4
1 194 4
1 207 4
1 208 4
1 209 4
1 210 4
1 211 4
1 213 4
1 214 4
1 215 4
1 222 4
1 225 4
1 226 4
1 227 4
1 228 4
1 229 4
1 230 4
1 231 4
1 232 4
1 236 4
1 239 4
1 244 4
1 280 4
1 281 4
1 283 4
1 293 1
1 294 1
1 295 1
1 296 5
1 121 9
1 122 9
1 123 9
1 124 9
1 125 9
1 126 9
1 127 9
1 128 9
1 129 9
1 130 9
1 138 9
1 139 9
1 140 9
1 141 9
1 142 9
1 143 9
1 144 9
1 145 9
1 146 9
1 147 9
1 148 9
1 149 9
1 150 9
1 151 9
1 152 9
1 153 9
1 154 9
1 155 9
1 157 9
1 158 9
1 159 9
1 160 9
1 161 9
1 162 9
1 163 9
1 164 9
1 165 9
1 166 9
1 167 9
1 168 9
1 169 9
1 170 9
1 171 9
1 172 9
1 173 9
1 174 9
1 175 9
1 176 9
1 177 9
1 178 9
1 179 9
1 186 9
1 190 9
1 195 9
1 196 9
1 197 9
1 198 9
1 199 9
1 200 9
1 201 9
1 202 9
1 203 9
1 204 9
1 205 9
1 212 9
1 216 9
1 217 9
1 218 9
1 219 9
1 220 9
1 221 9
1 223 9
1 224 9
1 233 9
1 234 9
1 235 9
1 237 9
1 238 9
1 240 9
1 241 9
1 242 9
1 243 9
1 264 9
1 265 9
1 266 9
1 267 9
1 268 9
1 269 9
1 270 9
1 271 9
1 272 9
1 273 9
1 274 9
1 275 9
1 276 9
1 277 9
1 278 9
1 279 9
1 359 9
1 360 9
1 361 9
1 362 9
1 363 9
1 364 9
1 365 9
1 366 9
1 367 9
1 368 9
1 369 9
1 370 9
1 371 9
1 372 9
1 373 9
1 374 9
1 375 9
1 376 9
1 377 9
1 22 13
1 23 13
1 24 13
1 25 13
1 26 13
1 27 13
1 28 13
1 29 13
1 30 13
1 31 13
1 32 13
1 43 13
1 44 13
1 45 13
1 47 13
1 48 13
1 56 13
1 58 13
1 59 13
1 60 13
1 61 13
1 63 13
1 64 13
1 69 13
1 282 13
1 284 13
1 285 13
1 286 13
1 287 13
1 288 13
1 289 13
1 290 13
1 291 13
1 292 13
1 297 13
1 298 13
1 299 13
1 300 13
1 301 13
1 302 13
1 303 13
1 304 13
1 305 13
1 306 13
1 307 13
1 308 13
1 309 13
1 310 13
1 311 13
1 312 13
1 313 13
1 314 13
1 315 13
1 316 13
1 317 13
1 318 13
1 319 13
1 320 13
1 321 13
1 322 13
1 323 13
1 324 13
1 325 13
1 326 13
1 327 13
1 328 13
1 329 13
1 330 13
1 331 13
1 332 13
1 333 13
1 334 13
1 335 13
1 336 13
1 337 13
1 338 13
1 340 13
1 339 13
1 341 13
1 342 13
1 343 13
1 344 13
1 345 13
1 346 13
1 347 13
1 348 13
1 349 13
1 350 13
1 351 13
1 352 13
1 353 13
1 354 13
1 355 13
1 356 13
1 394 13
1 392 13
1 393 13
1 391 13
1 390 13
1 389 13
1 388 13
1 387 13
1 386 13
1 385 13
1 384 13
1 383 13
1 382 13
1 381 13
1 380 13
1 379 13
1 378 13
1 187 4
1 131 8
1 132 8
1 133 8
1 134 8
1 135 8
1 136 8
1 137 8
1 180 8
1 181 8
1 182 8
1 183 8
1 245 8
1 246 8
1 247 8
1 248 8
1 249 8
1 250 8
1 251 8
1 252 8
1 253 8
1 254 8
1 255 8
1 256 8
1 257 8
1 258 8
1 259 8
1 260 8
1 261 8
1 262 8
1 263 8
1 357 8
1 358 8
2 1 1
2 3 3
2 4 1
2 15 1
2 16 1
2 17 1
2 19 1
2 20 1
2 33 1
2 34 1
2 36 1
2 35 1
2 37 1
2 38 1
2 39 1
2 49 1
2 50 1
2 51 1
2 52 1
2 53 1
2 55 1
2 54 1
2 57 1
2 62 1
2 65 1
2 66 1
2 67 1
2 70 1
2 68 1
2 74 1
2 75 1
2 76 1
2 80 1
2 81 1
2 82 1
2 87 1
2 88 1
2 5 5
2 6 5
2 7 5
2 8 5
2 9 5
2 10 5
2 11 5
2 13 5
2 14 5
2 18 5
2 40 5
2 41 5
2 42 5
2 46 5
2 54 5
2 61 5
2 60 5
2 59 5
2 64 5
2 72 5
2 73 5
2 78 5
2 79 5
2 83 5
2 84 5
2 85 5
2 86 5
2 89 5
2 12 13
2 21 13
2 22 13
2 23 13
2 24 13
2 25 13
2 26 13
2 32 13
2 31 13
2 30 13
2 29 13
2 28 13
2 27 13
2 43 13
2 44 13
2 45 13
2 47 13
2 48 13
2 56 13
2 58 13
2 63 13
2 69 13
2 71 13
2 77 13
2 90 13
2 91 13
2 92 13
2 93 13
2 94 13
2 95 13
2 96 13
2 97 13
2 98 13
2 99 13
2 100 13
2 101 13
2 102 13
2 103 13
2 104 13
2 105 13
2 106 13
2 107 13
2 108 13
2 109 13
2 110 13
2 111 13
2 112 13
2 113 13
2 114 13
2 115 13
2 116 13
2 117 13
2 118 13
2 119 13
2 120 13
2 125 13
2 126 13
2 128 13
2 130 13
2 134 13
2 135 13
2 138 13
2 147 13
2 148 13
2 149 13
2 156 13
2 161 13
2 165 13
2 167 13
2 168 13
2 175 13
2 184 13
2 185 13
2 186 13
2 207 13
2 208 13
2 209 13
2 211 13
2 217 13
2 225 13
2 227 13
2 228 13
2 232 13
2 239 13
2 299 13
2 304 13
2 305 13
2 312 13
2 346 13
2 293 1
2 294 1
2 295 1
2 296 13
3 1 1
3 4 1
3 2 3
3 5 1
3 6 1
3 7 1
3 10 1
3 90 1
3 92 1
3 93 1
3 94 1
3 99 1
3 100 1
3 101 1
3 102 1
3 103 1
3 108 1
3 112 1
3 115 1
3 117 1
3 118 1
3 119 1
3 120 1
3 9 1
3 8 5
3 11 5
3 12 5
3 13 1
3 14 1
3 15 5
3 16 5
3 17 5
3 18 5
3 19 5
3 20 5
3 33 5
3 34 5
3 35 5
3 36 5
3 38 5
3 39 5
3 49 5
3 50 5
3 53 5
3 54 5
3 55 5
3 57 5
3 62 5
3 66 5
3 67 5
3 68 5
3 70 5
3 72 5
3 73 5
3 74 5
3 75 5
3 76 5
3 78 5
3 79 5
3 81 5
3 82 5
3 83 5
3 85 5
3 86 5
3 87 5
3 293 5
3 294 5
3 295 5
3 21 4
3 24 4
3 29 4
3 56 4
3 77 4
3 296 4
3 91 5
3 95 5
3 96 5
3 97 5
3 98 5
3 104 5
3 105 5
3 106 5
3 107 5
3 109 5
3 110 5
3 111 5
3 113 5
3 114 5
3 116 5
3 22 13
3 23 13
3 25 13
3 26 13
3 27 13
3 28 13
3 30 13
3 31 13
3 32 13
3 37 13
3 40 13
3 41 13
3 42 13
3 43 13
3 44 13
3 45 13
3 46 13
3 47 13
3 48 13
3 51 13
3 52 13
3 58 13
3 59 13
3 60 13
3 61 13
3 63 13
3 65 13
3 69 13
3 71 13
3 80 13
3 84 13
3 88 13
3 89 13
3 124 13
3 125 13
3 126 13
3 134 13
3 135 13
3 138 13
3 142 13
3 156 13
3 161 13
3 168 13
3 184 13
3 185 13
3 186 13
3 207 13
3 225 13
3 227 13
3 228 13
3 230 13
3 232 13
3 285 13
3 288 13
3 289 13
3 299 13
3 301 13
3 304 13
3 357 13
3 358 13
3 359 13
3 369 13
3 376 13
3 379 13
3 382 13
4 1 1
4 2 1
4 3 1
4 5 1
4 6 1
4 7 1
4 8 1
4 9 1
4 10 1
4 11 1
4 12 1
4 13 1
4 14 1
4 15 1
4 16 1
4 17 1
4 18 1
4 19 1
4 20 1
4 33 1
4 34 1
4 36 1
4 53 1
4 55 1
4 57 1
4 62 1
4 66 1
4 67 1
4 68 1
4 70 1
4 74 1
4 76 1
4 78 1
4 79 1
4 81 1
4 83 1
4 87 1
4 89 1
4 90 1
4 99 1
4 101 1
4 102 1
4 293 1
4 294 1
4 295 1
4 35 5
4 37 5
4 38 5
4 39 5
4 40 5
4 41 5
4 42 5
4 46 5
4 49 5
4 50 5
4 51 5
4 52 5
4 54 5
4 65 5
4 71 5
4 72 5
4 73 5
4 75 5
4 77 5
4 80 5
4 82 5
4 84 5
4 85 5
4 86 5
4 88 5
4 91 5
4 92 5
4 93 5
4 94 5
4 95 5
4 96 5
4 97 5
4 98 5
4 100 5
4 103 5
4 104 5
4 105 5
4 106 5
4 107 5
4 108 5
4 109 5
4 110 5
4 111 5
4 112 5
4 113 5
4 114 5
4 115 5
4 116 5
4 117 5
4 118 5
4 119 5
4 120 5
4 296 5
4 21 4
4 346 4
4 330 4
4 304 4
4 286 4
4 22 13
4 23 13
4 24 13
4 25 13
4 27 13
4 28 13
4 29 13
4 30 13
4 31 13
4 32 13
4 26 4
4 148 4
4 43 13
4 44 13
4 45 13
4 47 13
4 48 13
4 56 13
4 58 13
4 59 13
4 60 13
4 61 13
4 63 13
4 64 13
4 69 13
4 356 13
4 355 13
4 351 13
4 350 13
4 343 13
4 341 13
4 340 13
4 337 13
4 329 13
4 327 13
4 302 13
4 299 13
4 297 13
4 291 13
4 288 13
4 285 13
4 231 13
4 227 13
4 225 13
4 208 13
4 207 13
4 185 13
4 184 13
4 156 13
4 147 13
4 138 13
4 124 13
4 131 8
4 132 8
4 133 8
4 134 8
4 135 8
4 136 8
4 137 8
5 6 3
5 3 1
5 7 1
5 10 1
5 1 1
5 4 1
5 9 1
5 13 1
5 14 1
5 90 1
5 92 1
5 93 1
5 94 1
5 96 1
5 97 1
5 98 1
5 99 1
5 101 1
5 102 1
5 103 1
5 105 1
5 106 1
5 107 1
5 108 1
5 110 1
5 111 1
5 112 1
5 114 1
5 115 1
5 117 1
5 118 1
5 119 1
5 120 1
5 2 5
5 8 5
5 11 5
5 12 5
5 91 5
5 95 5
5 100 5
5 109 5
5 113 5
5 116 5
5 15 13
5 17 13
5 18 13
5 19 13
5 20 13
5 66 13
5 67 13
5 74 13
5 76 13
5 77 13
5 81 13
5 82 13
5 126 13
5 135 13
5 134 13
5 156 13
5 184 13
5 185 13
5 293 13
5 294 13
5 295 13
5 296 13
6 5 3
6 3 1
6 7 1
6 10 1
6 1 1
6 4 1
6 9 1
6 13 1
6 14 1
6 90 5
6 92 5
6 93 5
6 94 5
6 96 5
6 97 5
6 98 5
6 99 5
6 101 5
6 102 5
6 103 5
6 105 5
6 106 5
6 107 5
6 108 5
6 110 5
6 111 5
6 112 5
6 114 5
6 115 5
6 117 5
6 118 5
6 119 5
6 120 5
6 2 13
6 8 13
6 11 13
6 12 13
6 91 13
6 95 13
6 100 13
6 109 13
6 113 13
6 116 13
7 8 3
7 1 1
7 3 1
7 4 1
7 5 1
7 6 1
7 9 1
7 10 1
7 13 1
7 14 1
7 90 1
7 92 1
7 93 1
7 94 1
7 96 1
7 97 1
7 98 1
7 99 1
7 100 1
7 101 1
7 102 1
7 103 1
7 108 1
7 112 1
7 115 1
7 117 1
7 118 1
7 119 1
7 120 1
7 2 5
7 11 5
7 12 5
7 91 5
7 95 5
7 104 5
7 105 5
7 106 5
7 107 5
7 109 5
7 110 5
7 111 5
7 113 5
7 114 5
7 116 5
7 15 13
7 17 13
7 18 13
7 19 13
7 20 13
7 24 13
7 29 13
7 36 13
7 39 13
7 40 13
7 46 13
7 53 13
7 54 13
7 55 13
7 62 13
7 66 13
7 67 13
7 68 13
7 70 13
7 74 13
7 75 13
7 76 13
7 77 13
7 78 13
7 79 13
7 81 13
7 82 13
7 83 13
7 87 13
7 88 13
7 89 13
7 293 13
7 294 13
7 295 13
7 296 13
7 357 13
7 358 13
7 359 13
7 369 13
7 367 13
7 368 13
7 323 13
7 322 13
7 321 13
7 320 13
7 319 13
7 309 13
7 305 13
7 304 13
7 301 13
7 300 13
7 285 13
7 286 13
8 7 3
8 1 1
8 4 1
8 5 1
8 6 1
8 9 1
8 13 1
8 14 1
8 3 1
8 10 1
8 2 5
8 11 5
8 12 5
8 90 5
8 92 5
8 93 5
8 94 5
8 96 5
8 97 5
8 98 5
8 99 5
8 100 5
8 101 5
8 102 5
8 103 5
8 108 5
8 112 5
8 115 5
8 117 5
8 118 5
8 119 5
8 120 5
8 15 13
8 17 13
8 18 13
8 19 13
8 20 13
8 21 13
8 66 13
8 67 13
8 68 13
8 70 13
8 71 13
8 72 13
8 73 13
8 76 13
8 77 13
8 81 13
8 82 13
8 91 13
8 95 13
8 104 13
8 105 13
8 106 13
8 107 13
8 109 13
8 110 13
8 111 13
8 113 13
8 114 13
8 116 13
8 134 13
8 135 13
8 183 13
8 184 13
8 185 13
8 225 13
8 147 13
8 320 13
8 321 13
8 322 13
8 323 13
8 304 13
8 301 13
8 293 13
8 294 13
8 295 13
8 296 13
8 285 13
8 286 13
8 305 13
8 309 13
9 304 3
9 1 1
9 2 1
9 3 1
9 4 1
9 5 1
9 6 1
9 7 1
9 8 1
9 10 1
9 13 1
9 14 1
9 90 1
9 92 1
9 93 1
9 94 1
9 96 1
9 97 1
9 98 1
9 99 1
9 100 1
9 101 1
9 102 1
9 103 1
9 108 1
9 112 1
9 115 1
9 117 1
9 118 1
9 119 1
9 120 1
9 11 5
9 12 5
9 91 5
9 95 5
9 104 5
9 105 5
9 106 5
9 107 5
9 109 5
9 110 5
9 111 5
9 113 5
9 114 5
9 116 5
9 323 4
9 322 4
9 321 4
9 320 4
9 319 4
9 305 4
9 301 4
9 300 4
9 285 4
9 226 4
9 225 4
9 222 4
9 207 4
9 318 9
9 317 9
9 316 9
9 315 9
9 314 9
9 131 8
9 132 8
9 133 8
9 134 8
9 135 8
9 136 8
9 137 8
9 181 8
9 182 8
9 183 8
9 246 8
9 248 8
9 251 8
9 252 8
9 253 8
9 256 8
9 262 8
9 385 13
9 383 13
9 382 13
9 378 13
9 370 13
9 369 13
9 368 13
9 367 13
9 366 13
9 364 13
9 363 13
9 362 13
9 360 13
9 359 13
9 358 13
9 357 13
9 355 13
9 353 13
9 349 13
9 346 13
9 344 13
9 342 13
9 331 13
9 327 13
9 309 13
9 307 13
9 296 13
9 295 13
9 294 13
9 293 13
9 289 13
9 288 13
9 287 13
9 286 13
9 283 13
9 282 13
9 272 13
9 244 13
9 243 13
9 241 13
9 240 13
9 238 13
9 235 13
9 233 13
9 232 13
9 231 13
9 230 13
9 229 13
9 228 13
9 227 13
9 224 13
9 223 13
9 221 13
9 220 13
9 219 13
9 218 13
9 215 13
9 214 13
9 213 13
9 211 13
9 210 13
9 209 13
9 208 13
9 185 13
9 184 13
9 174 13
9 172 13
9 168 13
9 165 13
9 157 13
9 156 13
9 152 13
9 145 13
9 144 13
9 143 13
9 142 13
9 126 13
9 124 13
10 11 3
10 1 1
10 4 1
10 5 1
10 6 1
10 7 1
10 9 1
10 12 1
10 13 1
10 14 1
10 90 1
10 92 1
10 93 1
10 94 1
10 99 1
10 100 1
10 101 1
10 102 1
10 103 1
10 108 1
10 112 1
10 115 1
10 117 1
10 118 1
10 119 1
10 120 1
10 2 5
10 8 5
10 91 5
10 95 5
10 96 5
10 97 5
10 98 5
10 104 5
10 105 5
10 106 5
10 107 5
10 109 5
10 110 5
10 111 5
10 113 5
10 114 5
10 116 5
10 15 13
10 17 13
10 18 13
10 19 13
10 20 13
10 21 13
10 39 13
10 40 13
10 41 13
10 42 13
10 46 13
10 53 13
10 54 13
10 55 13
10 57 13
10 62 13
10 66 13
10 67 13
10 68 13
10 70 13
10 71 13
10 72 13
10 73 13
10 74 13
10 75 13
10 76 13
10 77 13
10 78 13
10 79 13
10 81 13
10 82 13
10 83 13
10 84 13
10 85 13
10 86 13
10 293 13
10 294 13
10 295 13
10 296 13
11 10 3
11 12 1
11 13 1
11 14 1
11 1 5
11 3 5
11 4 5
11 5 5
11 6 5
11 7 5
11 9 5
11 2 13
11 8 13
11 15 13
11 17 13
11 18 13
11 19 13
11 20 13
11 21 13
11 66 13
11 77 13
11 90 13
11 94 13
11 99 13
11 103 13
11 108 13
11 112 13
11 115 13
11 117 13
11 118 13
11 119 13
11 120 13
12 10 1
12 11 1
12 13 1
12 14 1
12 5 4
12 15 4
12 2 4
12 1 4
12 3 4
12 4 4
12 6 4
12 7 4
12 8 4
12 9 4
12 17 4
12 18 4
12 19 4
12 20 4
13 1 1
13 3 1
13 4 1
13 6 1
13 7 1
13 5 1
13 9 1
13 10 1
13 11 1
13 12 1
13 14 1
14 1 1
14 3 1
14 4 1
14 6 1
14 7 1
14 5 1
14 9 1
14 10 1
14 11 1
14 12 1
14 13 1
13 2 4
13 8 4
13 15 4
13 17 4
13 18 4
13 19 4
13 20 4
14 2 4
14 8 4
14 15 4
14 17 4
14 18 4
14 19 4
14 20 4
13 90 5
13 92 5
13 93 5
13 94 5
13 99 5
13 100 5
13 101 5
13 102 5
13 103 5
13 108 5
13 112 5
13 115 5
13 117 5
13 118 5
13 119 5
13 120 5
14 90 5
14 92 5
14 93 5
14 94 5
14 99 5
14 100 5
14 101 5
14 102 5
14 103 5
14 108 5
14 112 5
14 115 5
14 117 5
14 118 5
14 119 5
14 120 5
15 16 3
16 15 3
15 17 1
15 2 1
15 1 1
15 4 1
15 19 1
15 20 1
15 33 1
15 34 1
15 35 1
15 36 1
15 38 1
15 39 1
15 41 1
15 42 1
15 46 1
15 49 1
15 50 1
15 51 1
15 52 1
15 53 1
15 55 1
15 57 1
15 59 1
15 60 1
15 61 1
15 62 1
15 64 1
15 65 1
15 66 1
15 68 1
15 70 1
15 72 1
15 73 1
15 74 1
15 76 1
15 78 1
15 79 1
15 80 1
15 81 1
15 83 1
15 85 1
15 86 1
15 87 1
15 89 1
15 293 1
15 294 1
15 295 1
15 44 1
15 45 1
15 48 1
16 33 5
16 34 5
16 35 5
16 36 5
16 38 5
16 39 5
16 41 5
16 42 5
16 44 5
16 45 5
16 46 5
16 48 5
16 49 5
16 50 5
16 51 5
16 52 5
16 53 5
16 55 5
16 57 5
16 59 5
16 60 5
16 61 5
16 62 5
16 64 5
16 65 5
16 66 5
16 68 5
16 70 5
16 72 5
16 73 5
16 74 5
16 76 5
16 78 5
16 79 5
16 80 5
16 81 5
16 83 5
16 85 5
16 86 5
16 87 5
16 89 5
16 293 5
16 294 5
16 295 5
16 1 1
16 2 1
16 4 1
16 17 1
16 19 1
16 20 1
15 3 5
15 18 5
15 37 5
15 75 5
15 82 5
15 88 5
15 5 4
15 7 4
15 8 4
15 9 4
15 10 4
15 11 4
15 12 4
15 13 4
15 14 4
15 21 4
15 40 4
15 71 4
15 296 4
15 22 13
15 23 13
15 24 13
15 25 13
15 26 13
15 27 13
15 28 13
15 29 13
15 30 13
15 31 13
15 32 13
15 43 13
15 47 13
15 54 13
15 56 13
15 58 13
15 63 13
15 69 13
15 77 13
15 84 13
17 18 3
18 17 3
17 1 1
17 2 1
17 4 1
17 15 1
17 16 1
17 19 1
17 20 1
17 33 1
17 34 1
17 35 1
17 36 1
17 38 1
17 39 1
17 41 1
17 42 1
17 44 1
17 45 1
17 46 1
17 48 1
17 49 1
17 50 1
17 51 1
17 52 1
17 53 1
17 55 1
17 57 1
17 59 1
17 60 1
17 61 1
17 62 1
17 64 1
17 65 1
17 66 1
17 67 1
17 68 1
17 70 1
17 72 1
17 73 1
17 74 1
17 76 1
17 78 1
17 79 1
17 80 1
17 81 1
17 83 1
17 85 1
17 86 1
17 87 1
17 89 1
17 293 1
17 294 1
17 295 1
17 22 1
17 23 1
17 3 5
17 21 5
17 24 5
17 26 5
17 27 5
17 28 5
17 29 5
17 32 5
17 37 5
17 40 5
17 54 5
17 75 5
17 82 5
17 88 5
17 5 13
17 7 13
17 8 13
17 9 13
17 10 13
17 11 13
17 12 13
17 13 13
17 14 13
17 25 13
17 30 13
17 31 13
17 43 13
17 47 13
17 56 13
17 58 13
17 63 13
17 69 13
17 71 13
17 77 13
17 84 13
17 296 13
18 1 1
18 2 1
18 4 1
18 15 1
18 16 1
18 19 1
18 20 1
18 22 1
18 23 1
18 24 1
18 26 1
18 27 1
18 28 1
18 29 1
18 32 1
18 33 5
18 34 5
18 35 5
18 36 5
18 38 5
18 39 5
18 41 5
18 42 5
18 44 5
18 45 5
18 46 5
18 48 5
18 49 5
18 50 5
18 51 5
18 52 5
18 53 5
18 55 5
18 57 5
18 59 5
18 60 5
18 61 5
18 62 5
18 64 5
18 65 5
18 66 5
18 67 5
18 68 5
18 70 5
18 72 5
18 73 5
18 74 5
18 76 5
18 78 5
18 79 5
18 80 5
18 81 5
18 83 5
18 85 5
18 86 5
18 87 5
18 89 5
18 293 5
18 294 5
18 295 5
18 5 13
18 7 13
18 8 13
18 9 13
18 10 13
18 11 13
18 12 13
18 13 13
18 14 13
18 25 13
18 30 13
18 31 13
18 43 13
18 47 13
18 40 13
18 54 13
18 56 13
18 58 13
18 63 13
18 69 13
18 71 13
18 75 13
18 77 13
18 82 13
18 84 13
18 88 13
18 296 13
19 1 1
19 2 1
19 3 1
19 4 1
19 15 1
19 16 1
19 17 1
19 18 1
19 20 1
19 22 1
19 23 1
19 24 1
19 25 1
19 26 1
19 27 1
19 28 1
19 29 1
19 32 1
19 33 1
19 34 1
19 35 1
19 36 1
19 65 1
19 66 1
19 67 1
19 68 1
19 70 1
19 72 1
19 73 1
19 74 1
19 76 1
19 78 1
19 79 1
19 80 1
19 81 1
19 83 1
19 85 1
19 86 1
19 87 1
19 88 1
19 89 1
19 293 1
19 294 1
19 295 1
19 53 1
19 55 1
19 57 1
19 59 1
19 60 1
19 61 1
19 62 1
19 64 1
19 39 1
19 40 1
19 41 1
19 42 1
19 44 1
19 45 1
19 46 1
19 48 1
20 1 1
20 2 1
20 3 1
20 4 1
20 15 1
20 16 1
20 17 1
20 18 1
20 22 1
20 23 1
20 24 1
20 25 1
20 26 1
20 27 1
20 28 1
20 29 1
20 32 1
20 33 1
20 34 1
20 35 1
20 36 1
20 39 1
20 40 1
20 41 1
20 42 1
20 44 1
20 45 1
20 46 1
20 48 1
20 53 1
20 55 1
20 57 1
20 59 1
20 60 1
20 61 1
20 62 1
20 64 1
20 65 1
20 66 1
20 67 1
20 68 1
20 70 1
20 72 1
20 73 1
20 74 1
20 76 1
20 78 1
20 79 1
20 80 1
20 81 1
20 83 1
20 85 1
20 86 1
20 87 1
20 88 1
20 89 1
20 293 1
20 294 1
20 295 1
20 19 1
19 21 5
19 25 5
19 37 5
19 38 5
19 49 5
19 50 5
19 51 5
19 52 5
19 54 5
19 58 5
19 71 5
19 75 5
19 77 5
19 82 5
19 84 5
20 25 5
20 37 5
20 38 5
20 49 5
20 50 5
20 51 5
20 52 5
20 54 5
20 58 5
20 71 5
20 75 5
20 77 5
20 82 5
20 84 5
19 356 9
19 5 13
19 7 13
19 8 13
19 9 13
19 10 13
19 11 13
19 12 13
19 13 13
19 14 13
19 30 13
19 31 13
19 43 13
19 47 13
19 56 13
19 63 13
19 69 13
19 296 13
19 299 13
20 5 13
20 7 13
20 8 13
20 9 13
20 10 13
20 11 13
20 12 13
20 13 13
20 14 13
20 30 13
20 31 13
20 43 13
20 47 13
20 56 13
20 63 13
20 69 13
20 296 13
20 299 13
20 344 9
20 331 9
20 324 9
20 311 9
20 304 9
10 304 13
11 304 13
13 304 13
14 304 13
15 304 13
17 304 13
18 304 13
19 304 13
5 304 13
20 21 3
21 20 3
21 1 13
21 2 13
21 3 13
21 4 13
21 5 13
21 8 13
21 9 13
21 10 13
21 13 13
21 14 13
21 15 13
21 17 13
21 18 13
21 19 13
21 22 13
21 24 13
21 124 13
21 142 13
21 139 13
21 293 13
21 294 13
21 288 13
22 23 3
22 17 1
22 18 1
22 19 1
22 20 1
22 24 1
22 25 1
22 26 1
22 27 1
22 28 1
22 29 1
22 32 1
23 17 1
23 18 1
23 19 1
23 20 1
23 24 1
23 25 1
23 26 1
23 27 1
23 28 1
23 29 1
23 32 1
23 22 3
23 1 13
23 2 13
23 3 13
23 4 13
23 15 13
23 16 13
23 30 13
23 31 13
23 33 13
23 34 13
23 35 13
23 36 13
23 37 13
23 38 13
23 39 13
23 40 13
23 41 13
23 42 13
23 43 13
23 44 13
23 45 13
23 46 13
23 47 13
23 48 13
23 49 13
23 50 13
23 51 13
23 52 13
23 53 13
23 54 13
23 55 13
23 57 13
23 58 13
23 62 13
23 65 13
23 66 13
23 67 13
23 68 13
23 69 13
23 70 13
23 71 13
23 72 13
23 73 13
23 74 13
23 80 13
23 81 13
23 87 13
23 294 13
23 295 13
23 296 13
22 1 13
22 2 13
22 3 13
22 4 13
22 15 13
22 16 13
22 30 13
22 31 13
22 33 13
22 34 13
22 35 13
22 36 13
22 37 13
22 38 13
22 39 13
22 40 13
22 41 13
22 42 13
22 43 13
22 44 13
22 45 13
22 46 13
22 47 13
22 48 13
22 49 13
22 50 13
22 51 13
22 52 13
22 53 13
22 54 13
22 55 13
22 57 13
22 58 13
22 62 13
22 65 13
22 66 13
22 67 13
22 68 13
22 69 13
22 70 13
22 71 13
22 72 13
22 73 13
22 74 13
22 80 13
22 81 13
22 87 13
22 294 13
22 295 13
22 296 13
24 17 1
24 18 1
24 19 1
24 20 1
24 22 1
24 23 1
24 26 1
24 27 1
24 28 1
24 29 1
24 32 1
25 17 1
25 18 1
25 19 1
25 20 1
25 22 1
25 23 1
25 26 1
25 27 1
25 28 1
25 29 1
25 32 1
24 1 13
24 2 13
24 3 13
24 4 13
24 30 13
24 31 13
24 33 13
24 34 13
24 35 13
24 36 13
24 37 13
24 38 13
24 39 13
24 40 13
24 41 13
24 42 13
24 43 13
24 44 13
24 45 13
24 46 13
24 47 13
24 48 13
24 49 13
24 50 13
24 51 13
24 52 13
24 53 13
24 54 13
24 55 13
24 57 13
24 58 13
24 59 13
24 60 13
24 61 13
24 62 13
24 64 13
24 65 13
24 66 13
24 67 13
24 68 13
24 69 13
24 70 13
24 71 13
24 72 13
24 73 13
24 74 13
24 80 13
24 81 13
24 87 13
25 1 13
25 2 13
25 3 13
25 4 13
25 30 13
25 31 13
25 33 13
25 34 13
25 35 13
25 36 13
25 37 13
25 38 13
25 39 13
25 40 13
25 41 13
25 42 13
25 43 13
25 44 13
25 45 13
25 46 13
25 47 13
25 48 13
25 49 13
25 50 13
25 51 13
25 52 13
25 53 13
25 54 13
25 55 13
25 57 13
25 58 13
25 59 13
25 60 13
25 61 13
25 62 13
25 64 13
25 65 13
25 66 13
25 67 13
25 68 13
25 69 13
25 70 13
25 71 13
25 72 13
25 73 13
25 74 13
25 80 13
25 81 13
25 87 13
24 25 3
25 24 3
26 17 1
26 18 1
26 19 1
26 20 1
26 22 1
26 23 1
26 24 1
26 25 1
26 29 1
26 32 1
27 17 1
27 18 1
27 19 1
27 20 1
27 22 1
27 23 1
27 24 1
27 25 1
27 29 1
27 32 1
28 17 1
28 18 1
28 19 1
28 20 1
28 22 1
28 23 1
28 24 1
28 25 1
28 29 1
28 32 1
26 30 5
26 31 5
27 30 5
27 31 5
28 30 5
28 31 5
26 1 13
26 2 13
26 3 13
26 4 13
26 21 13
26 39 13
26 40 13
26 41 13
26 42 13
26 43 13
26 44 13
26 45 13
26 46 13
26 47 13
26 48 13
26 51 13
26 53 13
26 55 13
27 1 13
27 2 13
27 3 13
27 4 13
27 21 13
27 39 13
27 40 13
27 41 13
27 42 13
27 43 13
27 44 13
27 45 13
27 46 13
27 47 13
27 48 13
27 51 13
27 53 13
27 55 13
28 1 13
28 2 13
28 3 13
28 4 13
28 21 13
28 39 13
28 40 13
28 41 13
28 42 13
28 43 13
28 44 13
28 45 13
28 46 13
28 47 13
28 48 13
28 51 13
28 53 13
28 55 13
26 27 1
26 28 1
26 356 13
26 347 13
27 26 1
27 28 1
28 26 1
28 27 1
29 17 1
29 18 1
29 19 1
29 20 1
29 22 1
29 23 1
29 24 1
29 25 1
29 26 1
29 27 1
29 28 1
29 30 3
29 31 1
29 32 1
29 1 13
29 2 13
29 3 13
29 4 13
29 35 13
29 36 13
29 37 13
29 38 13
29 39 13
29 40 13
29 41 13
29 42 13
29 43 13
29 44 13
29 45 13
29 46 13
29 47 13
29 48 13
29 49 13
29 50 13
29 51 13
29 52 13
29 53 13
29 54 13
29 55 13
29 57 13
29 58 13
29 62 13
29 65 13
29 66 13
29 67 13
29 68 13
29 70 13
29 71 13
29 72 13
29 73 13
30 29 3
30 31 1
30 32 1
30 17 5
30 18 5
30 19 5
30 20 5
30 22 5
30 23 5
30 24 5
30 25 5
30 26 5
30 27 5
30 28 5
30 1 13
30 2 13
30 3 13
30 4 13
31 29 1
31 30 1
31 32 1
31 17 5
31 18 5
31 19 5
31 20 5
31 22 5
31 23 5
31 24 5
31 25 5
31 26 5
31 27 5
31 28 5
31 1 13
31 2 13
31 3 13
31 4 13
31 15 13
32 29 1
32 30 1
32 31 1
32 17 5
32 18 5
32 19 5
32 20 5
32 22 5
32 23 5
32 24 5
32 25 5
32 26 5
32 27 5
32 28 5
32 1 13
32 2 13
32 3 13
32 4 13
32 15 13
33 34 3
34 33 3
33 15 1
33 35 1
33 36 1
33 65 1
33 66 1
33 74 1
33 80 1
33 81 1
33 87 1
33 2 1
33 17 1
33 38 1
33 39 1
33 49 1
33 50 1
33 51 1
33 52 1
33 53 1
33 68 1
33 70 1
33 76 1
33 83 1
33 89 1
33 1 1
33 4 1
33 19 1
33 20 1
33 41 1
33 42 1
33 44 1
33 45 1
33 46 1
33 48 1
33 55 1
33 57 1
33 59 1
33 60 1
33 61 1
33 62 1
33 64 1
33 72 1
33 73 1
33 78 1
33 79 1
33 85 1
33 86 1
34 15 1
34 35 1
34 36 1
34 65 1
34 66 1
34 74 1
34 80 1
34 81 1
34 87 1
34 2 1
34 17 1
34 38 1
34 39 1
34 49 1
34 50 1
34 51 1
34 52 1
34 53 1
34 68 1
34 70 1
34 76 1
34 83 1
34 89 1
34 1 1
34 4 1
34 19 1
34 20 1
34 41 1
34 42 1
34 44 1
34 45 1
34 46 1
34 48 1
34 55 1
34 57 1
34 59 1
34 60 1
34 61 1
34 62 1
34 64 1
34 72 1
34 73 1
34 78 1
34 79 1
34 85 1
34 86 1
33 3 5
33 16 5
33 18 5
33 21 5
33 37 5
33 40 5
33 43 5
33 47 5
33 54 5
33 56 5
33 58 5
33 63 5
33 67 5
33 69 5
33 71 5
33 75 5
33 77 5
33 82 5
33 84 5
33 88 5
34 3 5
34 16 5
34 18 5
34 21 5
34 37 5
34 40 5
34 43 5
34 47 5
34 54 5
34 56 5
34 58 5
34 63 5
34 67 5
34 69 5
34 71 5
34 75 5
34 77 5
34 82 5
34 84 5
34 88 5
35 2 1
35 15 1
35 17 1
35 33 1
35 34 1
35 36 1
35 38 1
35 39 1
35 49 1
35 50 1
35 51 1
35 52 1
35 53 1
35 65 1
35 66 1
35 68 1
35 70 1
35 74 1
35 76 1
35 80 1
35 81 1
35 83 1
35 87 1
35 89 1
35 1 5
35 4 5
35 16 5
35 19 5
35 20 5
35 37 5
35 67 5
35 75 5
35 82 5
35 88 5
35 3 13
35 18 13
35 40 13
35 41 13
35 42 13
35 46 13
35 54 13
35 55 13
35 57 13
35 62 13
35 67 13
35 77 13
36 2 1
36 15 1
36 17 1
36 33 1
36 34 1
36 35 1
36 38 1
36 39 1
36 41 1
36 42 1
36 44 1
36 45 1
36 46 1
36 48 1
36 49 1
36 50 1
36 51 1
36 52 1
36 53 1
36 55 1
36 57 1
36 59 1
36 60 1
36 61 1
36 62 1
36 64 1
36 65 1
36 66 1
36 68 1
36 70 1
36 74 1
36 76 1
36 80 1
36 81 1
36 83 1
36 87 1
36 89 1
36 1 5
36 4 5
36 19 5
36 20 5
36 40 5
36 43 5
36 47 5
36 54 5
36 56 5
36 58 5
36 63 5
36 67 5
36 72 5
36 73 5
36 78 5
36 79 5
36 82 5
36 85 5
36 86 5
36 88 5
36 37 3
36 3 13
36 16 13
36 18 13
36 21 13
36 22 13
36 23 13
36 24 13
36 25 13
36 26 13
36 27 13
36 28 13
36 29 13
36 30 13
36 31 13
36 32 13
36 69 13
36 71 13
36 75 13
36 77 13
36 84 13
36 293 13
36 294 13
36 295 13
36 296 13
36 299 13
36 356 13
37 38 1
37 39 1
37 41 1
37 42 1
37 44 1
37 45 1
37 46 1
37 48 1
37 49 1
37 50 1
37 51 1
37 52 1
37 53 1
37 55 1
37 57 1
37 59 1
37 60 1
37 61 1
37 62 1
37 64 1
37 36 3
37 2 5
37 15 5
37 17 5
37 33 5
37 34 5
37 35 5
37 65 5
37 66 5
37 68 5
37 70 5
37 74 5
37 76 5
37 80 5
37 81 5
37 83 5
37 87 5
37 89 5
37 1 13
37 3 13
37 16 13
37 18 13
37 22 13
37 23 13
37 24 13
37 25 13
37 29 13
37 40 13
37 54 13
37 58 13
37 67 13
37 75 13
37 77 13
37 82 13
37 88 13
37 293 13
37 294 13
37 295 13
37 296 13
37 299 13
38 2 1
38 15 1
38 17 1
38 33 1
38 34 1
38 35 1
38 36 1
38 37 1
38 39 1
38 41 1
38 42 1
38 46 1
38 49 1
38 50 1
38 51 1
38 52 1
38 53 1
38 55 1
38 57 1
38 62 1
38 65 1
38 66 1
38 68 1
38 70 1
38 74 1
38 76 1
38 80 1
38 81 1
38 83 1
38 87 1
38 89 1
38 1 5
38 4 5
38 16 5
38 19 5
38 20 5
38 40 5
38 44 5
38 45 5
38 48 5
38 54 5
38 59 5
38 60 5
38 61 5
38 64 5
38 67 5
38 75 5
38 82 5
38 88 5
38 3 13
38 18 13
38 22 13
38 23 13
38 24 13
38 25 13
38 26 13
38 27 13
38 28 13
38 29 13
38 30 13
38 31 13
38 32 13
38 43 13
38 47 13
38 56 13
38 58 13
38 63 13
38 69 13
38 71 13
38 72 13
38 73 13
38 77 13
38 78 13
38 79 13
38 84 13
38 85 13
38 86 13
38 293 13
38 294 13
38 295 13
38 296 13
38 299 13
39 40 3
39 2 1
39 15 1
39 17 1
39 33 1
39 34 1
39 35 1
39 36 1
39 37 1
39 38 1
39 41 1
39 42 1
39 43 1
39 44 1
39 45 1
39 46 1
39 47 1
39 48 1
39 49 1
39 50 1
39 51 1
39 52 1
39 53 1
39 55 1
39 57 1
39 62 1
39 65 1
39 66 1
39 68 1
39 70 1
39 74 1
39 76 1
39 80 1
39 81 1
39 83 1
39 87 1
39 89 1
39 1 5
39 4 5
39 16 5
39 19 5
39 20 5
39 54 5
39 59 5
39 60 5
39 61 5
39 64 5
39 67 5
39 72 5
39 73 5
39 75 5
39 78 5
39 79 5
39 82 5
39 85 5
39 86 5
39 88 5
39 3 13
39 18 13
39 21 13
39 22 13
39 23 13
39 24 13
39 25 13
39 26 13
39 27 13
39 28 13
39 29 13
39 30 13
39 31 13
39 32 13
39 56 13
39 58 13
39 63 13
39 69 13
39 71 13
39 77 13
39 84 13
39 293 13
39 294 13
39 295 13
39 296 13
39 299 13
40 39 3
40 41 1
40 42 1
40 43 1
40 44 1
40 45 1
40 46 1
40 47 1
40 48 1
40 2 5
40 15 5
40 17 5
40 33 5
40 34 5
40 35 5
40 36 5
40 37 5
40 38 5
40 49 5
40 50 5
40 51 5
40 52 5
40 53 5
40 55 5
40 57 5
40 62 5
40 65 5
40 66 5
40 68 5
40 70 5
40 74 5
40 76 5
40 80 5
40 81 5
40 83 5
40 87 5
40 89 5
40 1 13
40 3 13
40 4 13
40 7 13
40 8 13
40 9 13
40 10 13
40 11 13
40 13 13
40 14 13
40 16 13
40 18 13
40 19 13
40 20 13
40 21 13
40 22 13
40 23 13
40 24 13
40 25 13
40 26 13
40 27 13
40 28 13
40 29 13
40 30 13
40 31 13
40 32 13
40 54 13
40 56 13
40 58 13
40 59 13
40 60 13
40 61 13
40 63 13
40 64 13
40 67 13
40 69 13
40 71 13
40 72 13
40 73 13
40 75 13
40 77 13
40 78 13
40 79 13
40 82 13
40 84 13
40 85 13
40 86 13
40 88 13
40 293 13
40 294 13
40 295 13
40 296 13
40 299 13
41 33 1
41 34 1
41 36 1
41 37 1
41 38 1
41 39 1
41 40 1
41 42 1
41 43 1
41 44 1
41 45 1
41 46 1
41 47 1
41 48 1
41 49 1
41 50 1
41 51 1
41 52 1
41 53 1
41 54 1
41 55 1
41 57 1
41 62 1
41 2 5
41 15 5
41 16 5
41 17 5
41 35 5
41 59 5
41 60 5
41 61 5
41 64 5
41 65 5
41 66 5
41 67 5
41 68 5
41 70 5
41 74 5
41 75 5
41 76 5
41 80 5
41 81 5
41 82 5
41 83 5
41 87 5
41 88 5
41 89 5
41 1 13
41 3 13
41 4 13
41 18 13
41 19 13
41 20 13
41 22 13
41 23 13
41 24 13
41 25 13
41 26 13
41 27 13
41 28 13
41 29 13
41 30 13
41 31 13
41 32 13
41 56 13
41 58 13
41 63 13
41 69 13
41 71 13
41 72 13
41 73 13
41 77 13
41 78 13
41 79 13
41 84 13
41 85 13
41 86 13
41 293 13
41 294 13
41 295 13
41 296 13
41 299 13
42 33 1
42 34 1
42 36 1
42 37 1
42 38 1
42 39 1
42 40 1
42 41 1
42 43 3
42 44 1
42 45 1
42 46 1
42 47 1
42 48 1
42 49 1
42 50 1
42 51 1
42 52 1
42 53 1
42 54 1
42 55 1
42 57 1
42 62 1
42 2 5
42 15 5
42 16 5
42 17 5
42 35 5
42 59 5
42 60 5
42 61 5
42 64 5
42 65 5
42 66 5
42 67 5
42 68 5
42 70 5
42 74 5
42 75 5
42 76 5
42 80 5
42 81 5
42 82 5
42 83 5
42 87 5
42 88 5
42 89 5
42 1 13
42 3 13
42 4 13
42 18 13
42 19 13
42 20 13
42 22 13
42 23 13
42 24 13
42 25 13
42 26 13
42 27 13
42 28 13
42 29 13
42 30 13
42 31 13
42 32 13
42 56 13
42 58 13
42 63 13
42 69 13
42 71 13
42 72 13
42 73 13
42 77 13
42 78 13
42 79 13
42 84 13
42 85 13
42 86 13
42 293 13
42 294 13
42 295 13
42 296 13
42 299 13
43 42 3
43 39 1
43 40 1
43 41 1
43 44 1
43 45 1
43 46 1
43 47 1
43 48 1
43 33 5
43 34 5
43 35 5
43 36 5
43 37 5
43 38 5
43 49 5
43 50 5
43 51 5
43 52 5
43 53 5
43 55 5
43 57 5
43 62 5
43 1 13
43 2 13
43 3 13
43 4 13
43 15 13
43 17 13
43 18 13
43 19 13
43 20 13
43 21 13
43 22 13
43 23 13
43 24 13
43 25 13
43 26 13
43 27 13
43 28 13
43 29 13
43 30 13
43 31 13
43 32 13
43 54 13
43 56 13
43 58 13
43 59 13
43 60 13
43 61 13
43 63 13
43 64 13
43 65 13
43 66 13
43 67 13
43 68 13
43 69 13
43 70 13
43 71 13
43 72 13
43 73 13
43 293 13
43 294 13
43 295 13
43 296 13
43 299 13
43 325 13
43 356 13
44 45 1
45 44 1
44 33 1
44 34 1
44 36 1
44 37 1
44 38 1
44 39 1
44 40 1
44 41 1
44 42 1
44 43 1
44 46 1
44 47 1
44 48 1
44 49 1
44 50 1
44 51 1
44 52 1
44 53 1
44 54 1
44 55 1
44 57 1
44 62 1
45 33 1
45 34 1
45 36 1
45 37 1
45 38 1
45 39 1
45 40 1
45 41 1
45 42 1
45 43 1
45 46 1
45 47 1
45 48 1
45 49 1
45 50 1
45 51 1
45 52 1
45 53 1
45 54 1
45 55 1
45 57 1
45 62 1
44 2 5
44 15 5
44 16 5
44 17 5
44 35 5
44 59 5
44 60 5
44 61 5
44 64 5
44 65 5
44 66 5
44 67 5
44 68 5
44 70 5
44 74 5
44 75 5
44 76 5
44 80 5
44 81 5
44 82 5
44 83 5
44 87 5
44 88 5
44 89 5
45 2 5
45 15 5
45 16 5
45 17 5
45 35 5
45 59 5
45 60 5
45 61 5
45 64 5
45 65 5
45 66 5
45 67 5
45 68 5
45 70 5
45 74 5
45 75 5
45 76 5
45 80 5
45 81 5
45 82 5
45 83 5
45 87 5
45 88 5
45 89 5
44 1 13
44 3 13
44 4 13
44 19 13
44 20 13
45 1 13
45 3 13
45 4 13
45 19 13
45 20 13
46 47 3
46 33 1
46 34 1
46 36 1
46 37 1
46 38 1
46 39 1
46 40 1
46 41 1
46 42 1
46 43 1
46 44 1
46 45 1
46 48 1
46 49 1
46 50 1
46 51 1
46 52 1
46 53 1
46 54 1
46 55 1
46 57 1
46 62 1
46 2 5
46 15 5
46 16 5
46 17 5
46 35 5
46 59 5
46 60 5
46 61 5
46 64 5
46 65 5
46 66 5
46 67 5
46 68 5
46 70 5
46 74 5
46 75 5
46 76 5
46 80 5
46 81 5
46 82 5
46 83 5
46 87 5
46 88 5
46 89 5
46 1 13
46 3 13
46 4 13
46 7 13
46 8 13
46 9 13
46 18 13
46 19 13
46 20 13
46 22 13
46 23 13
46 24 13
46 25 13
46 26 13
46 27 13
46 28 13
46 29 13
46 30 13
46 31 13
46 32 13
46 56 13
46 58 13
46 63 13
46 69 13
46 71 13
46 72 13
46 73 13
46 77 13
46 78 13
46 79 13
46 84 13
46 85 13
46 86 13
46 293 13
46 294 13
46 295 13
46 296 13
46 299 13
47 46 3
47 39 1
47 40 1
47 41 1
47 44 1
47 42 1
47 43 1
47 45 1
47 48 1
47 33 5
47 34 5
47 35 5
47 36 5
47 37 5
47 38 5
47 49 5
47 50 5
47 51 5
47 52 5
47 53 5
47 55 5
47 57 5
47 62 5
47 1 13
47 2 13
47 3 13
47 4 13
47 15 13
47 17 13
47 18 13
47 19 13
47 20 13
47 21 13
47 22 13
47 23 13
47 24 13
47 25 13
47 26 13
47 27 13
47 28 13
47 29 13
47 30 13
47 31 13
47 32 13
47 54 13
47 56 13
47 58 13
47 59 13
47 60 13
47 61 13
47 63 13
47 64 13
47 65 13
47 66 13
47 67 13
47 68 13
47 69 13
47 70 13
47 71 13
47 72 13
47 73 13
47 293 13
47 294 13
47 295 13
47 296 13
47 299 13
48 33 1
48 34 1
48 36 1
48 37 1
48 38 1
48 39 1
48 40 1
48 41 1
48 42 1
48 43 1
48 44 1
48 45 1
48 46 1
48 47 1
48 49 1
48 50 1
48 51 1
48 52 1
48 53 1
48 54 1
48 55 1
48 57 1
48 62 1
48 2 5
48 15 5
48 16 5
48 17 5
48 35 5
48 59 5
48 60 5
48 61 5
48 64 5
48 65 5
48 66 5
48 67 5
48 68 5
48 70 5
48 74 5
48 75 5
48 76 5
48 80 5
48 81 5
48 82 5
48 83 5
48 87 5
48 88 5
48 89 5
48 1 13
48 3 13
48 4 13
48 19 13
48 20 13
49 2 1
49 15 1
49 17 1
49 33 1
49 34 1
49 35 1
49 36 1
49 37 1
49 38 1
49 39 1
49 41 1
49 42 1
49 46 1
49 50 1
49 51 1
49 52 1
49 53 1
49 55 1
49 57 1
49 62 1
49 65 1
49 66 1
49 68 1
49 70 1
49 74 1
49 76 1
49 80 1
49 81 1
49 83 1
49 87 1
49 89 1
49 1 5
49 4 5
49 16 5
49 19 5
49 20 5
49 40 5
49 44 5
49 45 5
49 48 5
49 54 5
49 59 5
49 60 5
49 61 5
49 64 5
49 67 5
49 75 5
49 82 5
49 88 5
49 3 13
49 18 13
49 22 13
49 23 13
49 24 13
49 25 13
49 26 13
49 27 13
49 28 13
49 29 13
49 30 13
49 31 13
49 32 13
49 43 13
49 47 13
49 56 13
49 58 13
49 63 13
49 69 13
49 71 13
49 72 13
49 73 13
49 77 13
49 78 13
49 79 13
49 84 13
49 85 13
49 86 13
49 293 13
49 294 13
49 295 13
49 296 13
49 299 13
50 2 1
50 15 1
50 17 1
50 33 1
50 34 1
50 35 1
50 36 1
50 37 1
50 38 1
50 39 1
50 40 1
50 41 1
50 42 1
50 46 1
50 49 1
50 51 1
50 52 1
50 53 1
50 55 1
50 57 1
50 62 1
50 65 1
50 66 1
50 68 1
50 70 1
50 74 1
50 76 1
50 80 1
50 81 1
50 83 1
50 87 1
50 89 1
50 1 5
50 4 5
50 16 5
50 19 5
50 20 5
50 40 5
50 44 5
50 45 5
50 48 5
50 54 5
50 59 5
50 60 5
50 61 5
50 64 5
50 67 5
50 75 5
50 82 5
50 88 5
50 3 13
50 18 13
50 22 13
50 23 13
50 24 13
50 25 13
50 26 13
50 27 13
50 28 13
50 29 13
50 30 13
50 31 13
50 32 13
50 43 13
50 47 13
50 56 13
50 58 13
50 63 13
50 69 13
50 71 13
50 72 13
50 73 13
50 77 13
50 78 13
50 79 13
50 84 13
50 85 13
50 86 13
50 293 13
50 294 13
50 295 13
50 296 13
50 299 13
51 2 1
51 15 1
51 17 1
51 33 1
51 34 1
51 35 1
51 36 1
51 37 1
51 38 1
51 39 1
51 40 1
51 41 1
51 42 1
51 46 1
51 49 1
51 50 1
51 52 1
51 53 1
51 55 1
51 57 1
51 62 1
51 65 1
51 66 1
51 68 1
51 70 1
51 74 1
51 76 1
51 80 1
51 81 1
51 83 1
51 87 1
51 89 1
51 1 5
51 4 5
51 16 5
51 19 5
51 20 5
51 40 5
51 44 5
51 45 5
51 48 5
51 54 5
51 59 5
51 60 5
51 61 5
51 64 5
51 67 5
51 75 5
51 82 5
51 88 5
51 3 13
51 18 13
51 22 13
51 23 13
51 24 13
51 25 13
51 26 13
51 27 13
51 28 13
51 29 13
51 30 13
51 31 13
51 32 13
51 43 13
51 47 13
51 56 13
51 58 13
51 63 13
51 69 13
51 71 13
51 72 13
51 73 13
51 77 13
51 78 13
51 79 13
51 84 13
51 85 13
51 86 13
51 293 13
51 294 13
51 295 13
51 296 13
51 299 13
52 2 1
52 15 1
52 17 1
52 33 1
52 34 1
52 35 1
52 36 1
52 37 1
52 38 1
52 39 1
52 40 1
52 41 1
52 42 1
52 46 1
52 49 1
52 50 1
52 51 1
52 53 1
52 55 1
52 57 1
52 62 1
52 65 1
52 66 1
52 68 1
52 70 1
52 74 1
52 76 1
52 80 1
52 81 1
52 83 1
52 87 1
52 89 1
52 1 5
52 4 5
52 16 5
52 19 5
52 20 5
52 40 5
52 44 5
52 45 5
52 48 5
52 54 5
52 59 5
52 60 5
52 61 5
52 64 5
52 67 5
52 75 5
52 82 5
52 88 5
52 3 13
52 18 13
52 22 13
52 23 13
52 24 13
52 25 13
52 26 13
52 27 13
52 28 13
52 29 13
52 30 13
52 31 13
52 32 13
52 43 13
52 47 13
52 56 13
52 58 13
52 63 13
52 69 13
52 71 13
52 72 13
52 73 13
52 77 13
52 78 13
52 79 13
52 84 13
52 85 13
52 86 13
52 293 13
52 294 13
52 295 13
52 296 13
52 299 13
53 54 3
53 1 1
53 2 1
53 4 1
53 15 1
53 17 1
53 19 1
53 20 1
53 33 1
53 34 1
53 35 1
53 36 1
53 37 1
53 38 1
53 39 1
53 41 1
53 42 1
53 46 1
53 49 1
53 50 1
53 51 1
53 52 1
53 55 1
53 57 1
53 58 1
53 59 1
53 60 1
53 61 1
53 62 1
53 63 1
53 64 1
53 65 1
53 66 1
53 68 1
53 70 1
53 74 1
53 76 1
53 80 1
53 81 1
53 83 1
53 87 1
53 89 1
53 16 5
53 40 5
53 44 5
53 45 5
53 48 5
53 56 5
53 67 5
53 72 5
53 73 5
53 75 5
53 78 5
53 79 5
53 82 5
53 85 5
53 86 5
53 88 5
53 3 13
53 7 13
53 8 13
53 9 13
53 10 13
53 11 13
53 13 13
53 14 13
53 18 13
53 21 13
53 22 13
53 23 13
53 24 13
53 25 13
53 26 13
53 27 13
53 28 13
53 29 13
53 30 13
53 31 13
53 32 13
53 43 13
53 47 13
53 69 13
53 71 13
53 77 13
53 84 13
53 293 13
53 294 13
53 295 13
53 296 13
53 299 13
54 53 3
54 55 1
54 57 1
54 58 1
54 59 1
54 60 1
54 61 1
54 62 1
54 63 1
54 64 1
54 299 1
54 1 5
54 2 5
54 4 5
54 15 5
54 17 5
54 19 5
54 20 5
54 33 5
54 34 5
54 35 5
54 36 5
54 37 5
54 38 5
54 39 5
54 41 5
54 42 5
54 46 5
54 49 5
54 50 5
54 51 5
54 52 5
54 65 5
54 66 5
54 68 5
54 70 5
54 74 5
54 76 5
54 80 5
54 81 5
54 83 5
54 87 5
54 89 5
54 3 13
54 7 13
54 8 13
54 9 13
54 16 13
54 18 13
54 21 13
54 22 13
54 23 13
54 24 13
54 25 13
54 26 13
54 27 13
54 28 13
54 29 13
54 30 13
54 31 13
54 32 13
54 40 13
54 43 13
54 44 13
54 45 13
54 47 13
54 48 13
54 56 13
54 67 13
54 69 13
54 71 13
54 72 13
54 73 13
54 75 13
54 77 13
54 78 13
54 79 13
54 82 13
54 84 13
54 85 13
54 86 13
54 88 13
54 293 13
54 294 13
54 295 13
54 296 13
55 56 3
55 1 1
55 2 1
55 4 1
55 15 1
55 17 1
55 19 1
55 20 1
55 33 1
55 34 1
55 35 1
55 36 1
55 37 1
55 38 1
55 39 1
55 41 1
55 42 1
55 46 1
55 49 1
55 50 1
55 51 1
55 52 1
55 53 1
55 54 1
55 57 1
55 58 1
55 59 1
55 60 1
55 61 1
55 62 1
55 63 1
55 64 1
55 65 1
55 66 1
55 68 1
55 70 1
55 74 1
55 76 1
55 80 1
55 81 1
55 83 1
55 87 1
55 89 1
55 299 1
55 16 5
55 40 5
55 44 5
55 45 5
55 48 5
55 56 5
55 67 5
55 72 5
55 73 5
55 75 5
55 78 5
55 79 5
55 82 5
55 85 5
55 86 5
55 88 5
55 3 13
55 7 13
55 8 13
55 9 13
55 10 13
55 11 13
55 13 13
55 14 13
55 18 13
55 21 13
55 22 13
55 23 13
55 24 13
55 25 13
55 26 13
55 27 13
55 28 13
55 29 13
55 30 13
55 31 13
55 32 13
55 43 13
55 47 13
55 69 13
55 71 13
55 77 13
55 84 13
55 293 13
55 294 13
55 295 13
55 296 13
56 55 3
56 53 5
56 54 5
56 57 5
56 58 5
56 59 5
56 60 5
56 61 5
56 62 5
56 63 5
56 64 5
56 1 13
56 2 13
56 3 13
56 4 13
56 9 13
56 15 13
56 17 13
56 18 13
56 19 13
56 20 13
56 21 13
56 22 13
56 33 13
56 34 13
56 35 13
56 36 13
56 37 13
56 38 13
56 39 13
56 40 13
56 41 13
56 42 13
56 43 13
56 44 13
56 45 13
56 46 13
56 47 13
56 48 13
56 49 13
56 50 13
56 51 13
56 52 13
56 65 13
56 66 13
56 67 13
56 68 13
56 69 13
56 70 13
56 71 13
56 72 13
56 73 13
56 74 13
56 75 13
56 76 13
56 77 13
56 78 13
56 79 13
56 80 13
56 81 13
56 82 13
56 83 13
56 84 13
56 85 13
56 86 13
56 87 13
56 88 13
56 89 13
56 168 13
56 293 13
56 294 13
56 295 13
56 296 13
56 299 13
56 325 13
56 354 13
57 58 3
57 1 1
57 2 1
57 4 1
57 15 1
57 17 1
57 19 1
57 20 1
57 33 1
57 34 1
57 35 1
57 36 1
57 37 1
57 38 1
57 39 1
57 41 1
57 42 1
57 46 1
57 49 1
57 50 1
57 51 1
57 52 1
57 53 1
57 54 1
57 55 1
57 56 1
57 59 1
57 60 1
57 61 1
57 62 1
57 63 1
57 64 1
57 65 1
57 66 1
57 68 1
57 70 1
57 74 1
57 76 1
57 80 1
57 81 1
57 83 1
57 87 1
57 89 1
57 299 1
57 16 5
57 40 5
57 44 5
57 45 5
57 48 5
57 56 5
57 67 5
57 72 5
57 73 5
57 75 5
57 78 5
57 79 5
57 82 5
57 85 5
57 86 5
57 88 5
57 3 13
57 7 13
57 8 13
57 9 13
57 10 13
57 11 13
57 13 13
57 14 13
57 18 13
57 21 13
57 22 13
57 23 13
57 24 13
57 25 13
57 26 13
57 27 13
57 28 13
57 29 13
57 30 13
57 31 13
57 32 13
57 43 13
57 47 13
57 69 13
57 71 13
57 77 13
57 84 13
57 293 13
57 294 13
57 295 13
57 296 13
58 57 3
58 53 1
58 54 1
58 55 1
58 59 1
58 60 1
58 61 1
58 62 1
58 64 1
58 299 1
58 1 5
58 2 5
58 4 5
58 15 5
58 17 5
58 19 5
58 20 5
58 33 5
58 34 5
58 35 5
58 36 5
58 37 5
58 38 5
58 39 5
58 40 5
58 41 5
58 42 5
58 44 5
58 45 5
58 46 5
58 48 5
58 49 5
58 50 5
58 51 5
58 52 5
58 56 5
58 63 5
58 65 5
58 66 5
58 68 5
58 70 5
58 72 5
58 73 5
58 74 5
58 76 5
58 78 5
58 79 5
58 80 5
58 81 5
58 83 5
58 85 5
58 86 5
58 87 5
58 89 5
58 3 13
58 7 13
58 8 13
58 9 13
58 18 13
58 21 13
58 22 13
58 23 13
58 24 13
58 25 13
58 26 13
58 27 13
58 28 13
58 29 13
58 30 13
58 31 13
58 32 13
58 43 13
58 47 13
58 67 13
58 69 13
58 71 13
58 75 13
58 77 13
58 82 13
58 84 13
58 88 13
58 293 13
58 294 13
58 295 13
58 296 13
59 1 1
59 2 1
59 4 1
59 15 1
59 17 1
59 16 1
59 19 1
59 20 1
59 33 1
59 34 1
59 35 1
59 36 1
59 37 1
59 38 1
59 39 1
59 41 1
59 42 1
59 46 1
59 49 1
59 50 1
59 51 1
59 52 1
59 53 1
59 54 1
59 55 1
59 56 1
59 57 1
59 58 1
59 60 1
59 61 1
59 62 1
59 63 1
59 64 1
59 65 1
59 66 1
59 68 1
59 70 1
59 74 1
59 76 1
59 80 1
59 81 1
59 83 1
59 87 1
59 89 1
59 299 1
59 40 5
59 44 5
59 45 5
59 48 5
59 56 5
59 67 5
59 72 5
59 73 5
59 75 5
59 78 5
59 79 5
59 82 5
59 85 5
59 86 5
59 88 5
59 3 13
59 18 13
59 43 13
59 47 13
59 69 13
59 71 13
59 77 13
59 84 13
60 1 1
60 2 1
60 4 1
60 15 1
60 17 1
60 16 1
60 19 1
60 20 1
60 33 1
60 34 1
60 35 1
60 36 1
60 37 1
60 38 1
60 39 1
60 41 1
60 42 1
60 46 1
60 49 1
60 50 1
60 51 1
60 52 1
60 53 1
60 54 1
60 55 1
60 56 1
60 57 1
60 58 1
60 59 1
60 61 1
60 62 1
60 63 1
60 64 1
60 65 1
60 66 1
60 68 1
60 70 1
60 74 1
60 76 1
60 80 1
60 81 1
60 83 1
60 87 1
60 89 1
60 299 1
60 40 5
60 44 5
60 45 5
60 48 5
60 56 5
60 67 5
60 72 5
60 73 5
60 75 5
60 78 5
60 79 5
60 82 5
60 85 5
60 86 5
60 88 5
60 3 13
60 18 13
60 43 13
60 47 13
60 69 13
60 71 13
60 77 13
60 84 13
61 1 1
61 2 1
61 4 1
61 15 1
61 17 1
61 16 1
61 19 1
61 20 1
61 33 1
61 34 1
61 35 1
61 36 1
61 37 1
61 38 1
61 39 1
61 41 1
61 42 1
61 46 1
61 49 1
61 50 1
61 51 1
61 52 1
61 53 1
61 54 1
61 55 1
61 56 1
61 57 1
61 58 1
61 59 1
61 60 1
61 62 1
61 63 1
61 64 1
61 65 1
61 66 1
61 68 1
61 70 1
61 74 1
61 76 1
61 80 1
61 81 1
61 83 1
61 87 1
61 89 1
61 299 1
61 40 5
61 44 5
61 45 5
61 48 5
61 56 5
61 67 5
61 72 5
61 73 5
61 75 5
61 78 5
61 79 5
61 82 5
61 85 5
61 86 5
61 88 5
61 3 13
61 18 13
61 43 13
61 47 13
61 69 13
61 71 13
61 77 13
61 84 13
62 63 3
62 1 1
62 2 1
62 4 1
62 15 1
62 17 1
62 19 1
62 20 1
62 33 1
62 34 1
62 35 1
62 36 1
62 37 1
62 38 1
62 39 1
62 41 1
62 42 1
62 46 1
62 49 1
62 50 1
62 51 1
62 52 1
62 53 1
62 54 1
62 55 1
62 56 1
62 57 1
62 58 1
62 59 1
62 60 1
62 61 1
62 64 1
62 65 1
62 66 1
62 68 1
62 70 1
62 74 1
62 76 1
62 80 1
62 81 1
62 83 1
62 87 1
62 89 1
62 299 1
62 16 5
62 40 5
62 44 5
62 45 5
62 48 5
62 56 5
62 67 5
62 72 5
62 73 5
62 75 5
62 78 5
62 79 5
62 82 5
62 85 5
62 86 5
62 88 5
62 3 13
62 7 13
62 8 13
62 9 13
62 10 13
62 11 13
62 13 13
62 14 13
62 18 13
62 21 13
62 22 13
62 23 13
62 24 13
62 25 13
62 26 13
62 27 13
62 28 13
62 29 13
62 30 13
62 31 13
62 32 13
62 43 13
62 47 13
62 69 13
62 71 13
62 77 13
62 84 13
62 293 13
62 294 13
62 295 13
62 296 13
63 62 3
63 64 1
63 53 1
63 54 1
63 55 1
63 57 1
63 56 5
63 58 5
63 59 5
63 60 5
63 61 5
63 1 13
63 2 13
63 3 13
63 4 13
63 15 13
63 17 13
63 18 13
63 19 13
63 20 13
63 21 13
63 33 13
63 34 13
63 35 13
63 36 13
63 37 13
63 38 13
63 39 13
63 40 13
63 41 13
63 42 13
63 43 13
63 44 13
63 45 13
63 46 13
63 47 13
63 48 13
63 49 13
63 50 13
63 51 13
63 52 13
63 65 13
63 66 13
63 67 13
63 68 13
63 69 13
63 70 13
63 71 13
63 72 13
63 73 13
63 74 13
63 75 13
63 76 13
63 77 13
63 78 13
63 79 13
63 80 13
63 81 13
63 82 13
63 83 13
63 84 13
63 85 13
63 86 13
63 87 13
63 88 13
63 89 13
63 168 13
63 293 13
63 294 13
63 295 13
63 296 13
63 299 13
63 325 13
63 354 13
64 1 1
64 2 1
64 4 1
64 15 1
64 17 1
64 16 1
64 19 1
64 20 1
64 33 1
64 34 1
64 35 1
64 36 1
64 37 1
64 38 1
64 39 1
64 41 1
64 42 1
64 46 1
64 49 1
64 50 1
64 51 1
64 52 1
64 53 1
64 54 1
64 55 1
64 56 1
64 57 1
64 58 1
64 59 1
64 60 1
64 61 1
64 62 1
64 63 1
64 65 1
64 66 1
64 68 1
64 70 1
64 74 1
64 76 1
64 80 1
64 81 1
64 83 1
64 87 1
64 89 1
64 299 1
64 40 5
64 44 5
64 45 5
64 48 5
64 56 5
64 67 5
64 72 5
64 73 5
64 75 5
64 78 5
64 79 5
64 82 5
64 85 5
64 86 5
64 88 5
64 3 13
64 18 13
64 43 13
64 47 13
64 69 13
64 71 13
64 77 13
64 84 13
65 2 1
65 15 1
65 16 1
65 17 1
65 33 1
65 34 1
65 35 1
65 36 1
65 38 1
65 39 1
65 49 1
65 50 1
65 51 1
65 52 1
65 53 1
65 66 1
65 68 1
65 70 1
65 74 1
65 76 1
65 80 1
65 81 1
65 83 1
65 87 1
65 89 1
65 1 5
65 4 5
65 19 5
65 20 5
65 37 5
65 67 5
65 75 5
65 82 5
65 88 5
65 3 13
65 18 13
65 21 13
65 22 13
65 23 13
65 24 13
65 25 13
65 26 13
65 27 13
65 28 13
65 29 13
65 30 13
65 31 13
65 32 13
65 40 13
65 41 13
65 42 13
65 43 13
65 44 13
65 45 13
65 47 13
65 48 13
65 46 13
65 54 13
65 55 13
65 56 13
65 57 13
65 58 13
65 59 13
65 60 13
65 61 13
65 62 13
65 63 13
65 64 13
65 69 13
65 71 13
65 72 13
65 73 13
65 77 13
65 78 13
65 79 13
65 84 13
65 85 13
65 86 13
65 293 13
65 294 13
65 295 13
65 296 13
65 299 13
66 67 3
66 1 1
66 2 1
66 4 1
66 15 1
66 16 1
66 17 1
66 19 1
66 20 1
66 33 1
66 34 1
66 35 1
66 36 1
66 38 1
66 39 1
66 41 1
66 42 1
66 46 1
66 49 1
66 50 1
66 51 1
66 52 1
66 53 1
66 55 1
66 57 1
66 62 1
66 65 1
66 68 1
66 69 1
66 70 1
66 71 1
66 72 1
66 73 1
66 74 1
66 76 1
66 80 1
66 81 1
66 83 1
66 87 1
66 89 1
66 37 5
66 40 5
66 44 5
66 45 5
66 48 5
66 54 5
66 59 5
66 60 5
66 61 5
66 64 5
66 75 5
66 78 5
66 79 5
66 82 5
66 85 5
66 86 5
66 88 5
66 293 5
66 294 5
66 295 5
66 3 13
66 5 13
66 7 13
66 8 13
66 9 13
66 10 13
66 11 13
66 13 13
66 14 13
66 18 13
66 21 13
66 22 13
66 23 13
66 24 13
66 25 13
66 26 13
66 27 13
66 28 13
66 29 13
66 30 13
66 31 13
66 32 13
66 43 13
66 47 13
66 56 13
66 58 13
66 63 13
66 77 13
66 84 13
66 296 13
66 299 13
67 66 3
67 68 1
67 69 1
67 70 1
67 71 1
67 72 1
67 73 1
67 1 5
67 2 5
67 4 5
67 15 5
67 16 5
67 17 5
67 19 5
67 20 5
67 33 5
67 34 5
67 35 5
67 36 5
67 38 5
67 39 5
67 41 5
67 42 5
67 46 5
67 49 5
67 50 5
67 51 5
67 52 5
67 53 5
67 55 5
67 57 5
67 62 5
67 65 5
67 74 5
67 76 5
67 80 5
67 81 5
67 83 5
67 87 5
67 89 5
67 3 13
67 5 13
67 7 13
67 8 13
67 9 13
67 10 13
67 11 13
67 13 13
67 14 13
67 18 13
67 21 13
67 22 13
67 23 13
67 24 13
67 25 13
67 26 13
67 27 13
67 28 13
67 29 13
67 30 13
67 31 13
67 32 13
67 37 13
67 40 13
67 43 13
67 44 13
67 45 13
67 47 13
67 48 13
67 54 13
67 56 13
67 58 13
67 59 13
67 60 13
67 61 13
67 63 13
67 64 13
67 75 13
67 77 13
67 78 13
67 79 13
67 82 13
67 84 13
67 85 13
67 86 13
67 88 13
67 293 13
67 294 13
67 295 13
67 296 13
67 299 13
68 69 3
68 1 1
68 2 1
68 4 1
68 15 1
68 16 1
68 17 1
68 19 1
68 20 1
68 33 1
68 34 1
68 35 1
68 36 1
68 38 1
68 39 1
68 41 1
68 42 1
68 46 1
68 49 1
68 50 1
68 51 1
68 52 1
68 53 1
68 55 1
68 57 1
68 62 1
68 65 1
68 66 1
68 67 1
68 70 1
68 71 1
68 72 1
68 73 1
68 74 1
68 76 1
68 80 1
68 81 1
68 83 1
68 87 1
68 89 1
68 37 5
68 40 5
68 44 5
68 45 5
68 48 5
68 54 5
68 59 5
68 60 5
68 61 5
68 64 5
68 75 5
68 78 5
68 79 5
68 82 5
68 85 5
68 86 5
68 88 5
68 293 5
68 294 5
68 295 5
68 3 13
68 5 13
68 7 13
68 8 13
68 9 13
68 10 13
68 11 13
68 13 13
68 14 13
68 18 13
68 21 13
68 22 13
68 23 13
68 24 13
68 25 13
68 26 13
68 27 13
68 28 13
68 29 13
68 30 13
68 31 13
68 32 13
68 43 13
68 47 13
68 56 13
68 58 13
68 63 13
68 77 13
68 84 13
68 296 13
68 299 13
69 68 3
69 66 1
69 67 1
69 70 1
69 71 1
69 72 1
69 73 1
69 1 5
69 2 5
69 4 5
69 15 5
69 16 5
69 17 5
69 19 5
69 20 5
69 33 5
69 34 5
69 35 5
69 36 5
69 38 5
69 39 5
69 41 5
69 42 5
69 46 5
69 49 5
69 50 5
69 51 5
69 52 5
69 53 5
69 55 5
69 57 5
69 62 5
69 65 5
69 74 5
69 76 5
69 80 5
69 81 5
69 83 5
69 87 5
69 89 5
69 3 13
69 8 13
69 9 13
69 21 13
69 22 13
69 23 13
69 24 13
69 25 13
69 26 13
69 27 13
69 28 13
69 29 13
69 30 13
69 31 13
69 32 13
69 37 13
69 40 13
69 43 13
69 44 13
69 45 13
69 47 13
69 48 13
69 54 13
69 56 13
69 58 13
69 59 13
69 60 13
69 61 13
69 63 13
69 64 13
69 75 13
69 77 13
69 78 13
69 79 13
69 82 13
69 84 13
69 85 13
69 86 13
69 88 13
69 293 13
69 294 13
69 295 13
69 296 13
69 299 13
70 71 3
70 1 1
70 2 1
70 4 1
70 15 1
70 16 1
70 17 1
70 19 1
70 20 1
70 33 1
70 34 1
70 35 1
70 36 1
70 38 1
70 39 1
70 41 1
70 42 1
70 46 1
70 49 1
70 50 1
70 51 1
70 52 1
70 53 1
70 55 1
70 57 1
70 62 1
70 65 1
70 66 1
70 67 1
70 68 1
70 69 1
70 72 1
70 73 1
70 74 1
70 76 1
70 80 1
70 81 1
70 83 1
70 87 1
70 89 1
70 37 5
70 40 5
70 44 5
70 45 5
70 48 5
70 54 5
70 59 5
70 60 5
70 61 5
70 64 5
70 75 5
70 78 5
70 79 5
70 82 5
70 85 5
70 86 5
70 88 5
70 293 5
70 294 5
70 295 5
70 3 13
70 5 13
70 7 13
70 8 13
70 9 13
70 10 13
70 11 13
70 13 13
70 14 13
70 18 13
70 21 13
70 22 13
70 23 13
70 24 13
70 25 13
70 26 13
70 27 13
70 28 13
70 29 13
70 30 13
70 31 13
70 32 13
70 43 13
70 47 13
70 56 13
70 58 13
70 63 13
70 77 13
70 84 13
70 296 13
70 299 13
