109 1 5
125 1 9
170 1 9
350 1 13
125 2 13
128 2 13
130 2 13
149 2 13
161 2 13
167 2 13
175 2 13
225 2 13
10 3 1
16 3 5
18 3 5
124 3 13
125 3 13
161 3 13
225 3 13
288 3 13
289 3 13
359 3 13
369 3 13
37 4 5
109 4 5
350 4 13
341 4 13
340 4 13
337 4 13
225 4 13
124 4 13
24 7 13
29 7 13
36 7 13
39 7 13
359 7 13
369 7 13
367 7 13
368 7 13
321 7 13
320 7 13
319 7 13
300 7 13
286 7 13
117 8 5
118 8 5
119 8 5
120 8 5
183 8 13
225 8 13
320 8 13
321 8 13
286 8 13
109 9 5
385 9 13
360 9 13
355 9 13
287 9 13
243 9 13
238 9 13
224 9 13
223 9 13
172 9 13
143 9 13
124 9 13
39 10 13
41 10 13
42 10 13
46 10 13
54 10 13
78 10 13
79 10 13
85 10 13
86 10 13
293 10 13
294 10 13
295 10 13
296 10 13
21 11 13
9 15 4
24 15 13
25 15 13
26 15 13
27 15 13
28 15 13
29 15 13
30 15 13
9 17 13
16 18 1
44 18 5
45 18 5
48 18 5
9 18 13
69 18 13
37 19 5
37 20 5
9 19 13
9 20 13
5 21 13
9 21 13
13 21 13
14 21 13
18 21 13
22 21 13
24 21 13
139 21 13
16 23 13
33 23 13
34 23 13
35 23 13
44 23 13
45 23 13
48 23 13
16 22 13
33 22 13
34 22 13
35 22 13
44 22 13
45 22 13
48 22 13
33 24 13
34 24 13
35 24 13
44 24 13
45 24 13
48 24 13
59 24 13
60 24 13
61 24 13
64 24 13
33 25 13
34 25 13
35 25 13
44 25 13
45 25 13
48 25 13
59 25 13
60 25 13
61 25 13
64 25 13
21 26 13
44 26 13
45 26 13
48 26 13
21 27 13
44 27 13
45 27 13
48 27 13
21 28 13
44 28 13
45 28 13
48 28 13
356 26 13
347 26 13
35 29 13
44 29 13
45 29 13
48 29 13
21 33 5
21 34 5
21 36 13
26 36 13
27 36 13
28 36 13
30 36 13
31 36 13
32 36 13
356 36 13
16 37 13
18 37 13
26 38 13
27 38 13
28 38 13
30 38 13
31 38 13
32 38 13
21 39 13
30 39 13
31 39 13
32 39 13
8 40 13
9 40 13
11 40 13
13 40 13
14 40 13
16 40 13
21 40 13
30 40 13
31 40 13
32 40 13
30 41 13
31 41 13
32 41 13
30 42 13
31 42 13
32 42 13
35 43 5
37 43 5
21 43 13
30 43 13
31 43 13
32 43 13
325 43 13
356 43 13
35 44 5
35 45 5
8 46 13
9 46 13
30 46 13
31 46 13
32 46 13
35 47 5
37 47 5
21 47 13
30 47 13
31 47 13
32 47 13
35 48 5
26 49 13
27 49 13
28 49 13
30 49 13
31 49 13
32 49 13
26 50 13
27 50 13
28 50 13
30 50 13
31 50 13
32 50 13
30 51 13
31 51 13
32 51 13
26 52 13
27 52 13
28 52 13
30 52 13
31 52 13
32 52 13
8 53 13
9 53 13
11 53 13
13 53 13
14 53 13
21 53 13
30 53 13
31 53 13
32 53 13
8 54 13
9 54 13
16 54 13
21 54 13
26 54 13
27 54 13
28 54 13
30 54 13
31 54 13
32 54 13
8 55 13
9 55 13
11 55 13
13 55 13
14 55 13
21 55 13
30 55 13
31 55 13
32 55 13
9 56 13
21 56 13
22 56 13
35 56 13
37 56 13
44 56 13
45 56 13
48 56 13
168 56 13
325 56 13
354 56 13
7 57 13
8 57 13
9 57 13
11 57 13
13 57 13
14 57 13
21 57 13
26 57 13
27 57 13
28 57 13
30 57 13
31 57 13
32 57 13
35 58 5
44 58 5
45 58 5
48 58 5
7 58 13
8 58 13
9 58 13
21 58 13
26 58 13
27 58 13
28 58 13
30 58 13
31 58 13
32 58 13
35 59 1
35 60 1
35 61 1
8 62 13
9 62 13
11 62 13
13 62 13
14 62 13
21 62 13
26 62 13
27 62 13
28 62 13
30 62 13
31 62 13
32 62 13
21 63 13
35 63 13
37 63 13
44 63 13
45 63 13
48 63 13
168 63 13
325 63 13
354 63 13
35 64 1
3 64 13
21 65 13
26 65 13
27 65 13
28 65 13
30 65 13
31 65 13
32 65 13
299 65 13
9 66 13
13 66 13
14 66 13
21 66 13
26 66 13
27 66 13
28 66 13
30 66 13
31 66 13
32 66 13
15 67 5
16 67 5
9 67 13
11 67 13
13 67 13
14 67 13
21 67 13
26 67 13
27 67 13
28 67 13
30 67 13
31 67 13
32 67 13
5 68 13
9 68 13
11 68 13
13 68 13
14 68 13
21 68 13
26 68 13
27 68 13
28 68 13
30 68 13
31 68 13
32 68 13
16 69 5
35 69 5
8 69 13
9 69 13
21 69 13
26 69 13
27 69 13
28 69 13
29 69 13
30 69 13
31 69 13
32 69 13
37 69 13
44 69 13
45 69 13
48 69 13
5 70 13
9 70 13
11 70 13
13 70 13
14 70 13
21 70 13
26 70 13
27 70 13
28 70 13
30 70 13
31 70 13
32 70 13
16 71 5
35 71 5
5 71 13
9 71 13
13 71 13
14 71 13
21 71 13
26 71 13
27 71 13
28 71 13
30 71 13
31 71 13
32 71 13
37 71 13
44 71 13
45 71 13
48 71 13
35 72 1
37 72 5
5 72 13
9 72 13
13 72 13
14 72 13
21 72 13
26 72 13
27 72 13
28 72 13
30 72 13
31 72 13
32 72 13
44 72 13
45 72 13
48 72 13
35 73 1
37 73 5
5 73 13
9 73 13
13 73 13
14 73 13
21 73 13
26 73 13
27 73 13
28 73 13
30 73 13
31 73 13
32 73 13
44 73 13
45 73 13
48 73 13
82 74 1
8 74 13
9 74 13
11 74 13
12 74 13
13 74 13
14 74 13
21 74 13
26 74 13
27 74 13
28 74 13
29 74 13
30 74 13
31 74 13
32 74 13
43 74 13
47 74 13
299 74 13
16 75 5
82 75 5
5 75 13
8 75 13
9 75 13
11 75 13
12 75 13
13 75 13
14 75 13
21 75 13
22 75 13
23 75 13
24 75 13
25 75 13
26 75 13
27 75 13
28 75 13
29 75 13
30 75 13
31 75 13
32 75 13
43 75 13
47 75 13
299 75 13
9 76 13
11 76 13
12 76 13
13 76 13
14 76 13
21 76 13
22 76 13
23 76 13
24 76 13
25 76 13
26 76 13
27 76 13
28 76 13
29 76 13
30 76 13
31 76 13
32 76 13
43 76 13
47 76 13
299 76 13
9 77 13
12 77 13
13 77 13
14 77 13
21 77 13
22 77 13
23 77 13
24 77 13
25 77 13
26 77 13
27 77 13
28 77 13
29 77 13
30 77 13
31 77 13
32 77 13
43 77 13
44 77 13
45 77 13
47 77 13
48 77 13
299 77 13
35 78 1
37 78 5
44 78 5
45 78 5
48 78 5
230 78 4
232 78 4
285 78 4
286 78 4
288 78 4
329 78 4
330 78 4
351 78 4
355 78 4
385 78 4
5 78 13
8 78 13
9 78 13
21 78 13
22 78 13
23 78 13
24 78 13
25 78 13
26 78 13
27 78 13
28 78 13
29 78 13
30 78 13
31 78 13
32 78 13
43 78 13
47 78 13
299 78 13
35 79 1
37 79 5
44 79 5
45 79 5
48 79 5
286 79 4
329 79 4
330 79 4
337 79 4
340 79 4
341 79 4
347 79 4
350 79 4
351 79 4
352 79 4
355 79 4
5 79 13
8 79 13
9 79 13
21 79 13
22 79 13
23 79 13
24 79 13
25 79 13
26 79 13
27 79 13
28 79 13
29 79 13
30 79 13
31 79 13
32 79 13
43 79 13
47 79 13
299 79 13
21 80 13
26 80 13
27 80 13
28 80 13
29 80 13
30 80 13
31 80 13
32 80 13
43 80 13
47 80 13
299 80 13
9 81 13
11 81 13
12 81 13
13 81 13
14 81 13
21 81 13
26 81 13
27 81 13
28 81 13
29 81 13
30 81 13
31 81 13
32 81 13
43 81 13
47 81 13
299 81 13
16 82 5
9 82 13
11 82 13
12 82 13
13 82 13
14 82 13
21 82 13
22 82 13
23 82 13
24 82 13
25 82 13
26 82 13
27 82 13
28 82 13
29 82 13
30 82 13
31 82 13
32 82 13
43 82 13
47 82 13
299 82 13
5 83 13
8 83 13
9 83 13
11 83 13
12 83 13
13 83 13
14 83 13
21 83 13
22 83 13
23 83 13
24 83 13
25 83 13
26 83 13
27 83 13
28 83 13
29 83 13
30 83 13
31 83 13
32 83 13
43 83 13
47 83 13
299 83 13
5 84 13
7 84 13
8 84 13
9 84 13
11 84 13
12 84 13
13 84 13
14 84 13
21 84 13
22 84 13
23 84 13
24 84 13
25 84 13
26 84 13
27 84 13
28 84 13
29 84 13
30 84 13
31 84 13
32 84 13
35 84 13
37 84 13
43 84 13
44 84 13
45 84 13
47 84 13
48 84 13
299 84 13
35 85 1
37 85 5
44 85 5
45 85 5
48 85 5
5 85 13
7 85 13
8 85 13
9 85 13
21 85 13
22 85 13
23 85 13
24 85 13
25 85 13
26 85 13
27 85 13
28 85 13
29 85 13
30 85 13
31 85 13
32 85 13
43 85 13
47 85 13
299 85 13
35 86 1
37 86 5
44 86 5
45 86 5
48 86 5
5 86 13
7 86 13
8 86 13
9 86 13
21 86 13
22 86 13
23 86 13
24 86 13
25 86 13
26 86 13
27 86 13
28 86 13
29 86 13
30 86 13
31 86 13
32 86 13
43 86 13
47 86 13
299 86 13
5 87 13
8 87 13
9 87 13
10 87 13
11 87 13
12 87 13
13 87 13
14 87 13
21 87 13
26 87 13
27 87 13
28 87 13
29 87 13
30 87 13
31 87 13
32 87 13
43 87 13
47 87 13
299 87 13
16 88 5
5 88 13
8 88 13
9 88 13
21 88 13
22 88 13
23 88 13
24 88 13
25 88 13
26 88 13
27 88 13
28 88 13
29 88 13
30 88 13
31 88 13
32 88 13
43 88 13
47 88 13
299 88 13
87 89 1
5 89 13
8 89 13
9 89 13
10 89 13
11 89 13
12 89 13
13 89 13
14 89 13
21 89 13
22 89 13
23 89 13
24 89 13
25 89 13
26 89 13
27 89 13
28 89 13
29 89 13
30 89 13
31 89 13
32 89 13
43 89 13
47 89 13
299 89 13
12 90 13
15 90 13
17 90 13
11 91 13
12 91 13
13 91 13
14 91 13
15 91 13
17 91 13
109 91 13
11 92 13
12 92 13
15 92 13
17 92 13
11 93 13
12 93 13
15 93 13
17 93 13
12 94 13
15 94 13
17 94 13
11 95 13
12 95 13
13 95 13
14 95 13
15 95 13
17 95 13
109 95 13
13 96 5
14 96 5
11 96 13
12 96 13
15 96 13
17 96 13
13 97 5
14 97 5
11 97 13
12 97 13
15 97 13
17 97 13
13 98 5
14 98 5
11 98 13
12 98 13
15 98 13
17 98 13
12 99 13
15 99 13
17 99 13
18 99 13
19 99 13
20 99 13
11 100 13
12 100 13
15 100 13
17 100 13
18 100 13
19 100 13
109 100 13
11 101 13
12 101 13
15 101 13
17 101 13
18 101 13
19 101 13
20 101 13
11 102 13
12 102 13
15 102 13
17 102 13
18 102 13
19 102 13
20 102 13
12 103 13
15 103 13
17 103 13
18 103 13
19 103 13
20 103 13
5 104 5
6 104 13
11 104 13
12 104 13
13 104 13
14 104 13
15 104 13
17 104 13
18 104 13
19 104 13
20 104 13
109 104 13
13 105 5
14 105 5
11 105 13
12 105 13
13 106 5
14 106 5
11 106 13
12 106 13
13 107 5
14 107 5
11 107 13
12 107 13
12 108 13
11 109 13
12 109 13
13 110 5
14 110 5
11 110 13
12 110 13
13 111 5
14 111 5
11 111 13
12 111 13
12 112 13
15 112 13
17 112 13
18 112 13
19 112 13
20 112 13
11 113 13
12 113 13
13 113 13
14 113 13
109 113 13
13 114 5
14 114 5
11 114 13
12 114 13
12 115 13
11 116 13
12 116 13
13 116 13
14 116 13
109 116 13
12 117 13
15 117 13
17 117 13
18 117 13
19 117 13
20 117 13
12 118 13
15 118 13
17 118 13
18 118 13
19 118 13
20 118 13
120 119 1
12 119 13
15 119 13
17 119 13
18 119 13
19 119 13
20 119 13
129 120 1
12 120 13
15 120 13
17 120 13
18 120 13
19 120 13
20 120 13
210 121 9
181 121 8
181 124 8
157 125 9
184 125 13
4 126 13
7 126 13
8 126 13
150 127 4
174 127 9
181 127 8
157 128 9
150 130 4
156 130 9
174 130 9
367 130 9
7 134 13
7 135 13
124 137 7
147 138 9
2 142 13
4 142 13
5 142 13
359 142 13
360 142 13
361 142 13
362 142 13
363 142 13
364 142 13
365 142 13
366 142 13
367 142 13
368 142 13
369 142 13
370 142 13
371 142 13
372 142 13
373 142 13
374 142 13
375 142 13
376 142 13
377 142 13
359 144 13
360 144 13
361 144 13
363 144 13
364 144 13
365 144 13
366 144 13
367 144 13
369 144 13
371 144 13
372 144 13
373 144 13
374 144 13
375 144 13
376 144 13
377 144 13
310 144 13
357 145 13
358 145 13
359 145 13
360 145 13
361 145 13
363 145 13
364 145 13
365 145 13
366 145 13
367 145 13
369 145 13
371 145 13
372 145 13
373 145 13
374 145 13
375 145 13
376 145 13
377 145 13
310 145 13
3 147 13
9 147 13
227 147 13
231 147 13
280 147 13
281 147 13
284 147 13
286 147 13
300 147 13
310 147 13
3 148 13
9 148 13
301 152 9
328 152 13
134 156 13
135 156 13
3 165 13
4 165 13
309 165 13
307 165 13
4 168 13
130 170 9
9 170 13
20 170 13
131 172 8
132 172 8
133 172 8
134 172 8
135 172 8
136 172 8
137 172 8
121 172 9
122 172 9
123 172 9
124 172 9
129 172 9
368 174 13
366 174 13
288 174 13
279 174 13
121 177 9
122 177 9
123 177 9
124 177 9
127 177 9
129 177 9
130 177 9
131 177 8
132 177 8
133 177 8
134 177 8
135 177 8
136 177 8
137 177 8
9 177 13
286 177 13
288 177 13
301 177 13
303 177 13
305 177 13
307 177 13
314 177 13
315 177 13
316 177 13
317 177 13
318 177 13
322 177 13
323 177 13
9 180 7
324 180 7
324 181 7
324 182 7
181 184 8
182 184 8
124 184 9
126 184 9
127 184 9
128 184 9
130 184 9
142 184 9
170 184 9
174 184 9
148 184 9
167 184 9
218 184 9
219 184 9
222 184 9
367 184 9
7 184 13
181 185 8
182 185 8
250 185 8
261 185 8
351 185 9
346 185 9
330 185 9
329 185 9
287 185 9
286 185 9
7 185 13
208 185 13
181 186 8
182 186 8
218 186 9
219 186 9
222 186 9
167 186 9
148 186 9
4 186 13
191 186 13
193 186 13
194 186 13
2 187 13
3 187 13
4 187 13
2 188 13
3 188 13
4 188 13
2 189 13
3 189 13
4 189 13
198 191 13
2 192 13
3 192 13
4 192 13
199 192 13
200 192 13
201 192 13
202 192 13
203 192 13
204 192 13
205 192 13
2 193 13
3 193 13
4 193 13
198 193 13
207 193 13
208 193 13
2 194 13
3 194 13
4 194 13
198 194 13
198 195 13
2 196 13
3 196 13
4 196 13
198 197 9
2 197 13
3 197 13
4 197 13
2 198 13
3 198 13
4 198 13
235 199 13
1 206 7
192 206 7
195 206 7
7 207 13
8 207 13
301 207 13
304 207 13
322 207 13
357 207 13
358 207 13
243 208 9
3 208 13
5 208 13
8 208 13
265 208 13
279 208 13
300 208 13
255 209 8
3 209 13
4 209 13
243 209 13
265 209 13
255 210 8
257 210 8
263 210 8
243 210 9
265 210 13
279 210 13
127 210 13
2 210 13
3 210 13
4 210 13
255 211 8
3 211 13
4 211 13
243 211 13
265 211 13
279 211 13
248 212 8
254 212 8
255 212 8
261 212 8
263 212 8
148 212 9
4 212 9
265 212 13
272 212 13
248 213 8
255 213 8
263 213 8
8 213 13
2 213 13
3 213 13
4 213 13
243 213 13
265 213 13
279 213 13
248 214 8
255 214 8
258 214 8
259 214 8
260 214 8
263 214 8
2 214 13
3 214 13
4 214 13
5 214 13
8 214 13
265 214 13
266 214 13
278 214 13
279 214 13
248 215 8
255 215 8
263 215 8
2 215 13
3 215 13
4 215 13
243 215 13
265 215 13
248 216 8
255 216 8
263 216 8
228 216 13
229 216 13
230 216 13
234 216 13
236 216 13
243 216 13
244 216 13
266 216 13
279 216 13
9 216 13
248 217 8
255 217 8
263 217 8
228 217 13
229 217 13
230 217 13
234 217 13
243 217 13
244 217 13
265 217 13
148 218 4
167 218 4
258 218 8
259 218 8
228 218 13
229 218 13
230 218 13
234 218 13
243 218 13
244 218 13
265 218 13
266 218 13
278 218 13
148 219 4
167 219 4
258 219 8
259 219 8
269 219 9
270 219 9
274 219 9
228 219 13
229 219 13
230 219 13
234 219 13
243 219 13
244 219 13
265 219 13
266 219 13
278 219 13
248 220 8
258 220 8
259 220 8
260 220 8
228 220 13
229 220 13
230 220 13
234 220 13
243 220 13
244 220 13
265 220 13
266 220 13
278 220 13
279 220 13
248 221 8
269 221 9
270 221 9
274 221 9
276 221 9
228 221 13
229 221 13
230 221 13
234 221 13
236 221 13
243 221 13
244 221 13
265 221 13
266 221 13
278 221 13
279 221 13
148 222 4
167 222 4
249 222 8
257 222 8
258 222 8
259 222 8
261 222 8
228 222 13
229 222 13
230 222 13
231 222 13
233 222 13
234 222 13
235 222 13
236 222 13
239 222 13
240 222 13
241 222 13
242 222 13
243 222 13
244 222 13
264 222 13
265 222 13
266 222 13
267 222 13
271 222 13
272 222 13
273 222 13
278 222 13
248 223 8
255 223 8
265 223 13
245 224 8
247 224 8
249 224 8
254 224 8
255 224 8
257 224 8
258 224 8
259 224 8
260 224 8
261 224 8
263 224 8
214 224 13
269 224 13
270 224 13
276 224 13
277 224 13
265 224 13
245 225 8
248 225 8
254 225 8
255 225 8
263 225 8
212 225 9
265 225 9
269 225 9
270 225 9
274 225 9
276 225 9
277 225 9
288 225 13
301 225 13
379 225 13
382 225 13
248 226 8
263 226 8
245 226 8
212 226 9
2 226 13
3 226 13
4 226 13
265 226 13
285 226 13
313 226 13
322 226 13
364 226 13
365 226 13
367 226 13
368 226 13
370 226 13
247 227 8
250 227 8
261 227 8
212 227 13
265 227 13
276 227 13
277 227 13
279 227 13
322 227 13
377 227 13
255 228 8
279 228 13
304 228 13
322 228 13
248 229 8
255 229 8
260 229 8
261 229 8
2 229 13
3 229 13
279 229 13
304 229 13
322 229 13
248 230 8
255 230 8
257 230 8
260 230 8
261 230 8
2 230 13
279 230 13
304 230 13
322 230 13
322 231 1
208 231 4
248 231 8
255 231 8
263 231 8
2 231 13
3 231 13
265 231 13
276 231 13
277 231 13
279 231 13
282 231 13
300 231 13
304 231 13
248 232 8
255 232 8
263 232 8
4 232 9
329 232 9
330 232 9
243 232 13
265 232 13
276 232 13
277 232 13
245 233 8
248 233 8
254 233 8
255 233 8
256 233 8
257 233 8
260 233 8
261 233 8
263 233 8
243 233 13
277 233 13
283 233 13
300 233 13
247 234 8
249 234 8
250 234 8
255 234 8
256 234 8
257 234 8
258 234 8
259 234 8
260 234 8
261 234 8
2 234 13
3 234 13
9 234 13
243 234 13
279 234 13
283 234 13
288 234 13
291 234 13
300 234 13
304 234 13
147 234 13
322 234 13
334 234 13
337 234 13
340 234 13
341 234 13
342 234 13
346 234 13
355 234 13
377 234 13
378 234 13
379 234 13
380 234 13
381 234 13
382 234 13
383 234 13
384 234 13
385 234 13
386 234 13
387 234 13
388 234 13
389 234 13
390 234 13
391 234 13
392 234 13
393 234 13
394 234 13
245 235 8
248 235 8
263 235 8
274 235 13
276 235 13
4 236 9
346 236 9
2 236 13
3 236 13
9 236 13
243 236 13
277 236 13
278 236 13
282 236 13
255 237 8
261 237 8
263 237 8
228 237 13
229 237 13
230 237 13
234 237 13
243 237 13
244 237 13
265 237 13
269 237 13
270 237 13
274 237 13
276 237 13
279 237 13
245 238 8
248 238 8
255 238 8
261 238 8
263 238 8
228 238 13
229 238 13
230 238 13
234 238 13
243 238 13
244 238 13
265 238 13
269 238 13
270 238 13
274 238 13
276 238 13
279 238 13
255 239 8
258 239 8
259 239 8
261 239 8
263 239 8
3 239 13
4 239 13
9 239 13
243 239 13
265 239 13
276 239 13
277 239 13
279 239 13
228 240 13
229 240 13
230 240 13
234 240 13
243 240 13
244 240 13
265 240 13
276 240 13
277 240 13
278 240 13
259 241 8
228 241 13
229 241 13
230 241 13
234 241 13
243 241 13
244 241 13
247 241 13
265 241 13
276 241 13
277 241 13
278 241 13
259 242 8
9 242 13
228 242 13
229 242 13
230 242 13
234 242 13
243 242 13
244 242 13
247 242 13
265 242 13
276 242 13
277 242 13
278 242 13
259 243 8
247 244 8
249 244 8
250 244 8
255 244 8
258 244 8
259 244 8
260 244 8
261 244 8
2 244 13
3 244 13
278 244 13
279 244 13
288 244 13
304 244 13
147 244 13
322 244 13
148 245 7
167 245 7
184 245 7
186 245 7
4 246 7
148 246 7
167 246 7
9 247 7
236 248 7
240 248 7
241 248 7
242 248 7
243 248 7
266 248 7
254 249 13
9 250 7
4 251 7
148 251 7
4 252 7
4 253 7
148 253 7
167 253 7
184 253 7
186 253 7
9 254 7
167 254 7
184 254 7
186 254 7
241 254 7
242 254 7
212 256 7
4 258 13
4 259 13
148 260 7
167 260 7
184 260 7
185 260 7
186 260 7
227 260 13
4 262 7
148 262 7
167 262 7
184 262 7
185 262 7
186 262 7
212 262 7
346 262 7
245 262 13
167 263 7
249 263 13
256 263 13
248 264 8
255 264 8
265 264 13
245 265 8
247 265 8
250 265 8
254 265 8
255 265 8
261 265 8
263 265 8
9 265 13
250 266 8
254 266 8
256 266 8
9 266 13
228 266 13
229 266 13
230 266 13
234 266 13
244 266 13
265 266 13
248 267 8
254 267 8
255 267 8
257 267 8
258 267 8
259 267 8
260 267 8
261 267 8
265 267 13
277 267 13
248 268 8
254 268 8
255 268 8
258 268 8
259 268 8
9 268 9
243 268 13
265 268 13
279 268 13
248 269 8
254 269 8
255 269 8
261 269 8
263 269 8
248 270 8
254 270 8
255 270 8
261 270 8
263 270 8
198 270 13
198 269 13
248 271 8
249 271 8
254 271 8
255 271 8
258 271 8
259 271 8
260 271 8
261 271 8
9 271 13
279 271 13
249 272 8
250 272 8
255 272 8
256 272 8
265 272 9
248 273 8
249 273 8
254 273 8
255 273 8
256 273 8
258 273 8
259 273 8
260 273 8
261 273 8
9 273 13
265 273 13
279 273 13
248 274 8
254 274 8
255 274 8
261 274 8
263 274 8
248 275 8
249 275 8
254 275 8
255 275 8
258 275 8
259 275 8
260 275 8
261 275 8
9 275 13
265 275 13
269 275 13
270 275 13
274 275 13
276 275 13
279 275 13
248 276 8
254 276 8
255 276 8
260 276 8
261 276 8
263 276 8
248 277 8
249 277 8
254 277 8
255 277 8
256 277 8
257 277 8
260 277 8
261 277 8
263 277 8
278 277 13
279 277 13
273 277 13
248 278 8
249 278 8
254 278 8
255 278 8
256 278 8
257 278 8
258 278 8
259 278 8
260 278 8
261 278 8
9 278 13
266 278 13
279 278 13
9 279 4
247 279 8
249 279 8
250 279 8
254 279 8
255 279 8
243 279 13
264 279 13
181 280 8
182 280 8
124 280 9
142 280 9
126 280 13
179 280 13
285 280 13
286 280 13
288 280 13
300 280 13
309 280 13
312 280 13
181 281 8
182 281 8
124 281 9
142 281 9
174 281 9
126 281 13
179 281 13
285 281 13
286 281 13
288 281 13
300 281 13
309 281 13
312 281 13
7 282 13
8 282 13
207 282 13
209 282 13
210 282 13
213 282 13
214 282 13
215 282 13
7 283 13
8 283 13
209 283 13
235 283 13
300 283 13
304 283 13
312 283 13
355 283 13
181 284 8
182 284 8
124 284 9
127 284 9
142 284 9
210 284 9
126 284 13
179 284 13
285 284 13
286 284 13
288 284 13
300 284 13
309 284 13
312 284 13
2 285 13
124 285 13
126 285 13
143 285 13
156 285 13
157 285 13
170 285 13
172 285 13
175 285 13
309 285 13
324 285 13
329 285 13
330 285 13
335 285 13
336 285 13
337 285 13
344 285 13
349 285 13
351 285 13
353 285 13
2 286 13
3 286 13
225 286 13
228 286 13
229 286 13
230 286 13
244 286 13
328 286 13
334 286 13
335 286 13
336 286 13
337 286 13
360 286 13
362 286 13
367 286 13
370 286 13
367 287 4
181 287 8
182 287 8
124 287 9
127 287 9
128 287 9
142 287 9
170 287 9
172 287 9
184 287 9
210 287 9
126 287 13
130 287 13
179 287 13
285 287 13
286 287 13
288 287 13
300 287 13
302 287 13
309 287 13
312 287 13
131 288 8
132 288 8
133 288 8
134 288 8
135 288 8
136 288 8
137 288 8
180 288 8
181 288 8
182 288 8
183 288 8
329 288 9
330 288 9
20 288 13
351 288 13
337 288 13
336 288 13
335 288 13
251 289 8
252 289 8
253 289 8
262 289 8
124 289 13
184 289 13
186 289 13
218 289 13
219 289 13
222 289 13
240 289 13
241 289 13
275 289 13
382 289 13
9 290 13
20 290 13
21 290 13
3 291 13
143 291 13
144 291 13
145 291 13
207 291 13
225 291 13
227 291 13
233 291 13
280 291 13
281 291 13
285 291 13
286 291 13
288 291 13
326 291 13
329 291 13
330 291 13
332 291 13
335 291 13
336 291 13
337 291 13
351 291 13
361 291 13
362 291 13
366 291 13
367 291 13
368 291 13
370 291 13
377 291 13
247 292 8
250 292 8
251 292 8
252 292 8
253 292 8
255 292 8
256 292 8
257 292 8
258 292 8
259 292 8
260 292 8
261 292 8
262 292 8
207 292 13
208 292 13
209 292 13
210 292 13
211 292 13
237 292 13
238 292 13
239 292 13
22 293 13
23 293 13
24 293 13
25 293 13
26 293 13
27 293 13
28 293 13
29 293 13
30 293 13
31 293 13
32 293 13
33 293 13
34 293 13
35 293 13
44 293 13
45 293 13
48 293 13
59 293 13
60 293 13
61 293 13
64 293 13
295 294 1
24 294 13
25 294 13
26 294 13
27 294 13
28 294 13
29 294 13
30 294 13
31 294 13
32 294 13
33 294 13
34 294 13
35 294 13
44 294 13
45 294 13
48 294 13
59 294 13
60 294 13
61 294 13
64 294 13
21 295 13
24 295 13
25 295 13
26 295 13
27 295 13
28 295 13
29 295 13
30 295 13
31 295 13
32 295 13
33 295 13
34 295 13
35 295 13
44 295 13
45 295 13
48 295 13
59 295 13
60 295 13
61 295 13
64 295 13
16 296 13
21 296 13
24 296 13
25 296 13
26 296 13
27 296 13
28 296 13
29 296 13
30 296 13
31 296 13
32 296 13
33 296 13
34 296 13
35 296 13
44 296 13
45 296 13
48 296 13
59 296 13
60 296 13
61 296 13
64 296 13
180 297 8
181 297 8
182 297 8
183 297 8
286 297 9
329 297 9
330 297 9
126 297 13
150 297 13
156 297 13
168 297 13
165 297 13
157 297 13
228 297 13
229 297 13
230 297 13
244 297 13
285 297 13
288 297 13
300 297 13
336 297 13
335 297 13
334 297 13
337 297 13
345 297 13
346 297 13
351 297 13
352 297 13
181 298 8
182 298 8
124 298 9
127 298 9
128 298 9
142 298 9
210 298 9
126 298 13
130 298 13
179 298 13
285 298 13
286 298 13
288 298 13
300 298 13
309 298 13
312 298 13
15 299 5
16 299 5
17 299 5
18 299 13
21 299 13
22 299 13
23 299 13
24 299 13
25 299 13
26 299 13
27 299 13
28 299 13
29 299 13
30 299 13
31 299 13
32 299 13
34 299 13
33 299 13
44 299 13
45 299 13
48 299 13
4 300 13
124 300 13
126 300 13
127 300 13
130 300 13
143 300 13
146 300 13
150 300 13
156 300 13
157 300 13
168 300 13
170 300 13
172 300 13
175 300 13
178 300 13
179 300 13
288 300 13
289 300 13
303 300 13
304 300 13
324 300 13
336 300 13
344 300 13
349 300 13
351 300 13
357 300 13
358 300 13
360 300 13
362 300 13
370 300 13
378 300 13
379 300 13
380 300 13
381 300 13
382 300 13
383 300 13
384 300 13
386 300 13
387 300 13
388 300 13
389 300 13
390 300 13
391 300 13
392 300 13
393 300 13
394 300 13
2 301 13
4 301 13
143 301 13
144 301 13
145 301 13
172 301 13
266 301 13
286 301 13
324 301 13
2 302 13
3 302 13
20 302 13
181 303 8
182 303 8
126 303 9
128 303 9
150 303 9
156 303 9
168 303 9
328 303 9
21 304 13
3 305 13
4 305 13
5 305 13
304 305 13
337 305 13
340 305 13
341 305 13
344 305 13
347 305 13
349 305 13
385 305 13
156 307 13
168 307 13
245 308 8
246 308 8
247 308 8
248 308 8
250 308 8
251 308 8
252 308 8
253 308 8
254 308 8
255 308 8
262 308 8
263 308 8
131 309 8
132 309 8
133 309 8
136 309 8
137 309 8
2 309 13
3 309 13
4 309 13
5 309 13
127 309 13
128 309 13
130 309 13
156 309 13
157 309 13
150 309 13
167 309 13
168 309 13
170 309 13
172 309 13
179 309 13
181 310 8
182 310 8
124 310 9
142 310 9
210 310 9
126 310 13
130 310 13
179 310 13
286 310 13
288 310 13
300 310 13
309 310 13
312 310 13
183 311 8
9 311 13
142 311 13
143 311 13
144 311 13
145 311 13
172 311 13
174 311 13
175 311 13
286 311 13
290 311 13
300 311 13
305 311 13
315 311 13
316 311 13
317 311 13
318 311 13
319 311 13
320 311 13
321 311 13
322 311 13
323 311 13
344 311 13
3 312 13
4 312 13
9 312 13
148 312 13
180 313 8
181 313 8
182 313 8
183 313 8
225 313 13
228 313 13
229 313 13
230 313 13
244 313 13
288 313 13
346 313 13
2 314 13
3 314 13
4 314 13
5 314 13
7 314 13
8 314 13
286 314 13
304 314 13
337 314 13
340 314 13
341 314 13
344 314 13
347 314 13
349 314 13
385 314 13
2 315 13
3 315 13
4 315 13
5 315 13
7 315 13
8 315 13
286 315 13
304 315 13
337 315 13
340 315 13
341 315 13
344 315 13
347 315 13
349 315 13
385 315 13
2 316 13
3 316 13
4 316 13
5 316 13
7 316 13
8 316 13
286 316 13
304 316 13
337 316 13
340 316 13
341 316 13
344 316 13
347 316 13
349 316 13
385 316 13
318 317 4
2 317 13
3 317 13
4 317 13
5 317 13
7 317 13
8 317 13
286 317 13
304 317 13
337 317 13
340 317 13
341 317 13
344 317 13
347 317 13
349 317 13
385 317 13
2 318 13
3 318 13
4 318 13
5 318 13
7 318 13
8 318 13
286 318 13
304 318 13
337 318 13
340 318 13
341 318 13
344 318 13
347 318 13
349 318 13
385 318 13
142 319 13
143 319 13
146 319 13
156 319 13
168 319 13
170 319 13
175 319 13
179 319 13
286 319 13
288 319 13
324 319 13
340 319 13
341 319 13
344 319 13
346 319 13
349 319 13
350 319 13
360 319 13
362 319 13
370 319 13
142 320 13
143 320 13
146 320 13
156 320 13
168 320 13
170 320 13
172 320 13
175 320 13
179 320 13
286 320 13
288 320 13
324 320 13
337 320 13
340 320 13
341 320 13
342 320 13
344 320 13
346 320 13
349 320 13
350 320 13
357 320 13
358 320 13
360 320 13
361 320 13
362 320 13
366 320 13
367 320 13
368 320 13
370 320 13
142 321 13
143 321 13
146 321 13
156 321 13
168 321 13
170 321 13
172 321 13
175 321 13
179 321 13
286 321 13
288 321 13
324 321 13
337 321 13
340 321 13
341 321 13
344 321 13
346 321 13
349 321 13
350 321 13
360 321 13
362 321 13
367 321 13
368 321 13
370 321 13
170 322 13
172 322 13
174 322 13
175 322 13
286 322 13
290 322 13
304 322 13
309 322 13
324 322 13
349 322 13
170 323 13
172 323 13
174 323 13
175 323 13
232 323 13
286 323 13
290 323 13
304 323 13
309 323 13
324 323 13
349 323 13
9 324 13
170 324 13
232 324 13
17 325 13
15 325 13
19 325 13
20 325 13
214 325 13
4 326 13
158 326 13
159 326 13
160 326 13
161 326 13
162 326 13
329 326 13
330 326 13
335 326 13
336 326 13
340 326 13
341 326 13
351 326 13
352 326 13
2 327 13
3 327 13
149 327 13
181 328 8
182 328 8
126 328 9
128 328 9
150 328 9
156 328 9
172 328 9
3 328 10
9 328 13
124 328 13
142 328 13
301 328 13
305 328 13
315 328 13
316 328 13
317 328 13
314 328 13
318 328 13
182 329 8
181 329 8
363 329 13
367 329 13
370 329 13
385 329 13
352 329 13
346 329 13
336 329 13
335 329 13
182 330 8
181 330 8
171 330 13
363 330 13
367 330 13
370 330 13
385 330 13
352 330 13
346 330 13
336 330 13
335 330 13
183 331 8
170 331 13
285 331 13
311 331 13
314 331 13
315 331 13
316 331 13
317 331 13
318 331 13
319 331 13
320 331 13
321 331 13
322 331 13
323 331 13
324 331 13
328 331 13
342 331 13
208 332 13
214 332 13
232 332 13
298 332 13
283 332 13
128 334 1
181 334 1
182 334 5
125 334 13
126 334 13
121 334 13
138 334 13
392 334 13
4 334 13
143 335 13
144 335 13
145 335 13
303 335 13
307 335 13
319 335 13
328 335 13
334 335 13
342 335 13
346 335 13
9 336 13
138 336 13
140 336 13
142 336 13
147 336 13
148 336 13
150 336 13
156 336 13
165 336 13
170 336 13
172 336 13
174 336 13
177 336 13
143 337 13
145 337 13
144 337 13
165 337 13
227 337 13
231 337 13
232 337 13
334 337 13
335 337 13
336 337 13
342 337 13
362 337 13
370 337 13
138 340 13
143 340 13
144 340 13
145 340 13
231 340 13
232 340 13
313 340 13
342 340 13
362 340 13
370 340 13
138 341 13
143 341 13
144 341 13
145 341 13
231 341 13
232 341 13
342 341 13
362 341 13
370 341 13
3 342 13
7 342 13
124 342 13
142 342 13
143 342 13
156 342 13
157 342 13
170 342 13
172 342 13
174 342 13
175 342 13
227 342 13
231 342 13
232 342 13
297 342 13
304 342 13
310 342 13
322 342 13
323 342 13
328 342 13
376 342 13
377 342 13
385 342 13
78 343 13
138 343 13
143 343 13
144 343 13
145 343 13
156 343 13
165 343 13
168 343 13
232 343 13
286 343 13
291 343 13
300 343 13
312 343 13
329 343 13
330 343 13
334 343 13
351 343 13
290 344 13
304 344 13
324 344 13
4 345 13
78 345 13
138 345 13
143 345 13
144 345 13
145 345 13
156 345 13
165 345 13
168 345 13
232 345 13
286 345 13
291 345 13
300 345 13
312 345 13
329 345 13
330 345 13
334 345 13
351 345 13
165 346 4
3 346 13
5 346 13
76 346 13
77 346 13
138 346 13
143 346 13
144 346 13
145 346 13
312 346 13
342 346 13
343 346 13
345 346 13
352 346 13
362 346 13
370 346 13
180 347 8
181 347 8
182 347 8
183 347 8
4 347 13
385 347 13
370 347 13
368 347 13
366 347 13
362 347 13
361 347 13
360 347 13
354 347 13
350 347 13
346 347 13
342 347 13
341 347 13
340 347 13
337 347 13
335 347 13
334 347 13
329 347 13
330 347 13
300 347 13
186 348 13
187 348 13
188 348 13
189 348 13
190 348 13
191 348 13
196 348 13
197 348 13
198 348 13
199 348 13
200 348 13
201 348 13
202 348 13
203 348 13
204 348 13
205 348 13
124 349 13
127 349 13
128 349 13
170 349 13
172 349 13
174 349 13
177 349 13
280 349 13
281 349 13
284 349 13
298 349 13
310 349 13
180 350 8
181 350 8
182 350 8
183 350 8
225 350 9
226 350 9
228 350 9
229 350 9
230 350 9
231 350 9
232 350 9
244 350 9
334 350 9
336 350 9
342 350 9
362 350 9
370 350 9
182 351 8
181 351 8
171 351 13
363 351 13
370 351 13
385 351 13
354 351 13
352 351 13
340 351 13
337 351 13
336 351 13
143 352 13
144 352 13
145 352 13
334 352 13
337 352 13
340 352 13
226 352 13
228 352 13
229 352 13
230 352 13
232 352 13
312 353 13
148 353 13
126 354 13
156 354 13
157 354 13
150 354 13
165 354 13
341 354 13
231 355 9
291 355 9
209 355 13
210 355 13
213 355 13
232 355 13
346 355 13
341 355 13
340 355 13
2 356 13
3 356 13
15 356 13
17 356 13
18 356 13
20 356 13
25 356 13
124 357 7
143 357 7
225 357 7
124 358 7
143 358 7
225 358 7
2 357 13
4 357 13
8 357 13
2 358 13
4 358 13
8 358 13
362 359 9
321 359 9
352 360 13
343 360 13
335 360 13
226 360 13
260 360 1
9 361 8
3 361 13
4 361 13
78 361 13
352 361 13
345 361 13
343 361 13
336 361 13
335 361 13
310 361 13
288 361 13
281 361 13
280 361 13
226 361 13
3 366 13
4 366 13
78 366 13
352 366 13
345 366 13
343 366 13
336 366 13
335 366 13
310 366 13
288 366 13
281 366 13
280 366 13
165 362 13
143 362 13
9 365 9
181 367 8
182 367 8
124 367 9
156 367 9
170 367 9
172 367 9
385 367 13
353 367 13
352 367 13
343 367 13
336 367 13
335 367 13
312 367 13
303 367 13
143 368 4
3 368 13
385 368 13
355 368 13
352 368 13
345 368 13
343 368 13
336 368 13
335 368 13
334 368 13
288 368 13
143 370 4
9 371 9
9 372 9
9 373 9
9 374 9
9 375 9
181 376 8
182 376 8
124 376 9
128 376 9
130 376 9
170 376 9
172 376 9
174 376 9
280 376 9
281 376 9
284 376 9
298 376 9
5 376 13
337 377 9
334 377 9
209 378 13
9 379 13
7 379 13
209 379 13
3 380 13
209 380 13
3 381 13
209 381 13
7 382 13
209 382 13
3 383 13
209 383 13
213 383 13
3 384 13
9 384 13
209 384 13
232 384 13
209 385 13
213 385 13
209 386 13
213 386 13
9 387 13
209 387 13
9 388 13
209 388 13
9 389 13
209 389 13
213 389 13
209 390 13
213 390 13
9 391 13
209 391 13
9 392 13
209 392 13
213 392 13
350 392 13
355 392 13
346 392 13
341 392 13
340 392 13
337 392 13
9 393 13
209 393 13
213 393 13
9 394 13
209 394 13
213 394 13
