Comunidades:
    1- Familia, vizinhos e amigos proximos
    2- Familia Milena e amigos proximos
    3- Amigos de Cataguases
    4- Pessoas de Leopoldina/cefet
    5- Pessoas que estudaram no sebrae + professores

[
    [1, 346, 347, 348, 349, 350, 351, 352, 353, 354, 357, 359, 360, 361, 362, 452, 480, 148, 149, 340, 341, 342, 356, 355, 358, 277, 339, 382, 433, 445, 150, 274, 275, 276, 312, 313, 314, 315, 316, 328, 330, 335, 336, 363, 366, 365, 364, 383, 384, 420, 419, 427, 428, 429, 435, 436, 37, 438, 444, 443, 441, 440, 439, 446, 456, 453, 457, 458, 459, 460, 474, 479, 481, 497, 498, 511, 478, 477, 447, 448, 449, 450, 451, 136, 137, 145, 144, 142, 141 , 140, 139, 138, 434, 332, 292, 367, 369, 370, 371, 372, 373, 374, 375, 376, 377, 378, 379, 381, 368, 380, 190, 191, 240, 281, 285, 475, 476, 524, 232, 278, 513, 508],
    [7, 393, 394, 397, 399, 403, 404, 405, 400, 402, 416, 392, 396, 408, 410, 413, 415, 414, 412, 417, 423, 503, 272, 338, 395, 398, 401, 406, 407, 409, 411, 418, 422, 421, 489, 495, 496, 391, 298, 462, 470, 469, 468, 467, 466, 465, 463, 464],
    [40, 41, 42, 44, 494, 499, 43, 47, 48, 49, 50, 51, 54, 88, 100, 102, 108, 112, 118, 193, 194, 264, 287, 389, 55, 56, 57, 75, 91, 110, 134, 135, 189, 192, 247, 248, 260, 280, 286, 293, 304, 308, 343, 390, 432, 519, 537, 105, 107, 117, 52, 53, 73, 89, 90, 93, 94, 99, 98, 96, 97, 95, 101, 103, 104, 106, 109, 116, 119, 120, 125, 195, 197, 256, 261, 273, 282, 283, 289, 299, 300, 301, 302, 303, 305, 306, 307, 309, 310, 311, 319, 320, 321, 322, 324, 325, 326, 327, 329, 333, 337, 424, 426, 430, 431, 455, 454, 461, 482, 483, 490, 491, 512, 514, 515, 516, 522, 525, 526, 527, 528, 530, 534, 536, 425, 538, 45, 500, 269, 296],
    [3, 2, 4, 5, 6, 8, 9, 10, 11, 12, 13, 15, 17, 203, 204, 209, 210, 233, 268, 86, 127, 129, 132, 178, 208, 252, 253, 254, 255, 152, 153, 154, 235, 238, 239, 257, 270, 344, 345, 385, 386, 387, 388, 471, 473, 16, 62, 61, 65, 68, 69, 70, 74, 77, 121, 211, 212, 215, 216, 218, 219, 220, 226, 228, 237, 236, 295, 318, 485, 486, 505, 472, 229, 67, 501, 63, 66, 71, 72, 78, 79, 81, 80, 82, 83, 84, 85, 87, 92, 113, 114, 115, 128, 130, 147, 146, 155, 199, 200, 201, 205, 207, 206, 213, 214, 217, 221, 223, 224, 225, 227, 230, 231, 234, 241, 249, 258, 267, 271, 279, 317, 334, 484, 487, 488, 493, 504, 506, 507, 529, 532, 76, 222, 250, 442, 124],
    [19, 21, 22, 23, 24, 18, 20, 26, 39, 59, 64, 133, 184, 46, 58, 111, 131, 179, 185, 187, 156, 157, 158, 159, 160, 161, 162, 163, 164, 165, 166, 167, 168, 171, 172, 173, 174, 175, 176, 177, 180, 182, 181, 183, 331, 14, 27, 28, 25, 29, 30, 32, 33, 34, 36, 262, 263, 266, 284, 323, 518, 521, 531, 122, 502, 31, 35, 37, 38, 60, 123, 126, 151, 169, 170, 186, 188, 196, 198, 202, 242, 243, 244, 245, 246, 251, 259, 265, 288, 290, 291, 294, 297, 492, 509, 510, 517, 520, 523, 533, 535, 143]
]
